6 0.1078125 0.43359375 0.08828125 0.16328125
6 0.16171875 0.33671875 0.10703125 0.203125
6 0.22578125 0.66640625 0.103125 0.2265625
6 0.65546875 0.70390625 0.08359375 0.17734375
6 0.72421875 0.80078125 0.096875 0.2375
6 0.81171875 0.73203125 0.05546875 0.115625
6 0.86328125 0.81328125 0.08515625 0.21953125
6 0.8234375 0.57265625 0.09921875 0.17265625
6 0.57734375 0.2734375 0.08828125 0.20234375
6 0.53984375 0.10390625 0.0765625 0.1734375
6 0.68984375 0.125 0.0671875 0.13125
6 0.8015625 0.065625 0.0625 0.1296875
6 0.84140625 0.3421875 0.0765625 0.16484375
6 0.90703125 0.53515625 0.06484375 0.14765625
6 0.75390625 0.32890625 0.06796875 0.13828125
6 0.74921875 0.4375 0.0625 0.12890625
6 0.5609375 0.52109375 0.090625 0.1546875
6 0.57265625 0.61328125 0.1140625 0.1453125
6 0.5296875 0.77109375 0.07890625 0.21015625
6 0.66796875 0.94140625 0.08515625 0.1171875
6 0.7484375 0.92890625 0.06796875 0.1421875
6 0.40546875 0.40546875 0.0921875 0.20625
6 0.4375 0.58203125 0.075 0.13359375
6 0.3453125 0.62578125 0.08671875 0.18828125
6 0.44609375 0.71328125 0.084375 0.18125
6 0.28203125 0.3796875 0.0703125 0.1640625
6 0.365625 0.25546875 0.0859375 0.19140625
6 0.3921875 0.17421875 0.05078125 0.1796875
6 0.44296875 0.196875 0.07890625 0.175
6 0.225 0.25703125 0.1015625 0.1953125
6 0.153125 0.71171875 0.08125 0.2015625
6 0.13984375 0.5921875 0.1203125 0.1796875
6 0.96953125 0.8640625 0.06015625 0.17734375
6 0.32265625 0.77890625 0.0515625 0.1265625
6 0.31796875 0.91640625 0.05390625 0.1390625
6 0.55390625 0.865625 0.06796875 0.15625
6 0.9703125 0.57890625 0.059375 0.1640625
6 0.4578125 0.3625 0.04375 0.1015625
6 0.5203125 0.3921875 0.06015625 0.1359375