6 0.10234375 0.49609375 0.1125 0.175
6 0.140625 0.39140625 0.1375 0.2171875
6 0.25546875 0.70703125 0.1375 0.240625
6 0.68515625 0.67734375 0.1109375 0.1875
6 0.76875 0.76171875 0.1328125 0.25
6 0.84453125 0.68046875 0.0734375 0.1234375
6 0.9078125 0.75234375 0.11875 0.2296875
6 0.83046875 0.52109375 0.125 0.1859375
6 0.540625 0.2640625 0.11875 0.2140625
6 0.47734375 0.10234375 0.103125 0.1828125
6 0.62890625 0.1 0.0875 0.140625
6 0.7296875 0.04609375 0.08125 0.0921875
6 0.8125 0.290625 0.1015625 0.175
6 0.9078125 0.47109375 0.0875 0.15625
6 0.72421875 0.29140625 0.0890625 0.146875
6 0.73671875 0.39921875 0.08125 0.1375
6 0.56328125 0.5109375 0.1140625 0.1671875
6 0.58984375 0.60078125 0.1359375 0.1609375
6 0.571875 0.76328125 0.1109375 0.2203125
6 0.73515625 0.909375 0.103125 0.1296875
6 0.8125 0.884375 0.0890625 0.1515625
6 0.3921875 0.42109375 0.1234375 0.21875
6 0.45078125 0.590625 0.0953125 0.14375
6 0.3671875 0.6484375 0.115625 0.2
6 0.48046875 0.71875 0.1109375 0.1921875
6 0.265625 0.415625 0.0953125 0.1734375
6 0.32890625 0.2796875 0.1140625 0.203125
6 0.3421875 0.1953125 0.078125 0.1859375
6 0.39609375 0.209375 0.1046875 0.1859375
6 0.190625 0.303125 0.13125 0.209375
6 0.190625 0.76328125 0.1125 0.2125
6 0.15859375 0.64765625 0.146875 0.196875
6 0.98828125 0.7859375 0.0234375 0.184375
6 0.36875 0.803125 0.0703125 0.1328125
6 0.384375 0.93359375 0.075 0.1328125
6 0.61015625 0.85234375 0.0921875 0.165625
6 0.9671875 0.5046875 0.065625 0.171875
6 0.43671875 0.37109375 0.059375 0.1078125
6 0.503125 0.390625 0.08125 0.14375