5 0.40234375 0.28359375 0.2109375 0.321875
5 0.57265625 0.503125 0.21640625 0.16875
5 0.7484375 0.78515625 0.38828125 0.41875
5 0.278125 0.72421875 0.33359375 0.42109375
5 0.29921875 0.240625 0.309375 0.39765625
5 0.6515625 0.28359375 0.290625 0.3625
5 0.95 0.434375 0.09453125 0.29453125
5 0.89296875 0.103125 0.2046875 0.20546875
5 0.93515625 0.7515625 0.1296875 0.44609375
5 0.74140625 0.315625 0.240625 0.5234375
5 0.496875 0.84140625 0.09296875 0.16328125
5 0.5734375 0.853125 0.046875 0.0890625
5 0.63125 0.9125 0.11953125 0.1515625
5 0.23203125 0.8703125 0.36484375 0.25
5 0.12890625 0.10859375 0.14609375 0.2171875
5 0.053125 0.47578125 0.10546875 0.26875
5 0.10390625 0.2921875 0.13984375 0.13984375
5 0.0375 0.1703125 0.06875 0.24765625