5 0.8921875 0.77265625 0.215625 0.3046875
5 0.70859375 0.79453125 0.24375 0.25625
5 0.64140625 0.33984375 0.228125 0.3640625
5 0.7484375 0.4078125 0.1625 0.290625
5 0.71953125 0.1765625 0.1734375 0.296875
5 0.8453125 0.32265625 0.2109375 0.3078125
5 0.31796875 0.278125 0.1890625 0.25625
5 0.3671875 0.37890625 0.2859375 0.29375
5 0.16171875 0.4109375 0.271875 0.2765625
5 0.14140625 0.2578125 0.2828125 0.3125
5 0.3203125 0.6828125 0.15 0.309375
5 0.42421875 0.8359375 0.2484375 0.2984375
5 0.20859375 0.78046875 0.2625 0.275
5 0.2828125 0.8703125 0.1609375 0.225