5 0.43515625 0.3671875 0.1484375 0.25703125
5 0.584375 0.4984375 0.253125 0.23828125
5 0.715625 0.48671875 0.1765625 0.3765625
5 0.815625 0.82421875 0.3015625 0.28046875
5 0.6328125 0.76640625 0.15390625 0.284375
5 0.471875 0.8109375 0.30078125 0.24921875
5 0.36875 0.6765625 0.17578125 0.27109375
5 0.21328125 0.45078125 0.25 0.24296875
5 0.453125 0.5375 0.1046875 0.1171875
5 0.41171875 0.24921875 0.2078125 0.3828125
5 0.21328125 0.14609375 0.20390625 0.234375
5 0.74296875 0.14140625 0.18125 0.2828125