5 0.21796875 0.2125 0.125 0.1765625
5 0.15 0.55546875 0.0984375 0.16875
5 0.16640625 0.7578125 0.0984375 0.15
5 0.28671875 0.8828125 0.1125 0.1765625
5 0.40390625 0.77734375 0.084375 0.1625
5 0.43671875 0.50703125 0.1171875 0.1625
5 0.4125 0.2015625 0.08125 0.1609375
5 0.57578125 0.121875 0.0734375 0.1515625
5 0.6203125 0.4546875 0.08125 0.1546875
5 0.6125 0.734375 0.1078125 0.184375
5 0.75859375 0.69453125 0.0875 0.178125
5 0.80234375 0.33203125 0.1109375 0.15
5 0.90546875 0.584375 0.1203125 0.1640625