5 0.49375 0.13671875 0.1625 0.1703125
5 0.7765625 0.3203125 0.190625 0.3046875
5 0.85703125 0.40859375 0.23125 0.2640625
5 0.753125 0.5453125 0.1484375 0.209375
5 0.77890625 0.6640625 0.3078125 0.3828125
5 0.6484375 0.7890625 0.265625 0.4046875
5 0.65 0.4765625 0.21875 0.2203125
5 0.390625 0.084375 0.1328125 0.11875
5 0.1890625 0.19453125 0.1296875 0.1375
5 0.20703125 0.3578125 0.146875 0.2265625
5 0.35234375 0.49921875 0.196875 0.2578125
5 0.4265625 0.35234375 0.18125 0.25
5 0.575 0.3578125 0.1 0.121875
5 0.3125 0.75625 0.1859375 0.2640625
5 0.44140625 0.8234375 0.16875 0.175