5 0.28515625 0.25546875 0.13125 0.23125
5 0.20703125 0.41953125 0.16875 0.2328125
5 0.328125 0.465625 0.2 0.2828125
5 0.171875 0.3203125 0.20625 0.2765625
5 0.41015625 0.25 0.2296875 0.425
5 0.21484375 0.63359375 0.2390625 0.3453125
5 0.46484375 0.6453125 0.290625 0.434375
5 0.66875 0.51484375 0.1390625 0.1921875
5 0.74453125 0.4203125 0.1171875 0.23125
5 0.6484375 0.35703125 0.1796875 0.2484375
5 0.76796875 0.58828125 0.171875 0.2953125
5 0.81875 0.36640625 0.18125 0.31875
5 0.91015625 0.7015625 0.115625 0.171875
5 0.83359375 0.809375 0.1515625 0.1890625
5 0.76796875 0.8546875 0.1921875 0.2734375
5 0.95546875 0.8484375 0.0890625 0.184375