5 0.9609375 0.396875 0.0765625 0.20625
5 0.675 0.946875 0.11328125 0.1015625
5 0.04296875 0.8921875 0.0859375 0.11484375
5 0.02421875 0.63359375 0.0484375 0.096875
5 0.61171875 0.4421875 0.13359375 0.22265625
5 0.725 0.5453125 0.19921875 0.128125
5 0.696875 0.60546875 0.1234375 0.1609375
5 0.728125 0.7484375 0.146875 0.13828125
5 0.6390625 0.78671875 0.134375 0.18515625
5 0.5484375 0.59375 0.15859375 0.16640625
5 0.5171875 0.76953125 0.228125 0.15
5 0.3625 0.665625 0.07421875 0.16328125
5 0.41484375 0.73359375 0.12109375 0.115625
5 0.296875 0.69765625 0.1140625 0.16953125
5 0.328125 0.8609375 0.103125 0.171875
5 0.41796875 0.86796875 0.13125 0.1578125
5 0.325 0.25703125 0.1015625 0.153125
5 0.37265625 0.2390625 0.10390625 0.18984375
5 0.2359375 0.19140625 0.10390625 0.19765625
5 0.34140625 0.3859375 0.1546875 0.1609375
5 0.14140625 0.24921875 0.125 0.15234375
5 0.07265625 0.29609375 0.1296875 0.21015625
5 0.08671875 0.065625 0.08984375 0.13125
5 0.06875 0.59921875 0.1171875 0.19140625
5 0.2140625 0.43984375 0.115625 0.1515625