5 0.41015625 0.28046875 0.221875 0.3296875
5 0.57265625 0.50546875 0.221875 0.1765625
5 0.7375 0.78828125 0.403125 0.4234375
5 0.2703125 0.71640625 0.3484375 0.4328125
5 0.30859375 0.23359375 0.3234375 0.4078125
5 0.659375 0.2890625 0.303125 0.371875
5 0.95 0.45 0.1 0.296875
5 0.9 0.1171875 0.2 0.2125
5 0.92578125 0.76640625 0.1453125 0.45
5 0.74765625 0.32421875 0.259375 0.53125
5 0.48515625 0.84140625 0.0984375 0.1671875
5 0.5609375 0.85546875 0.05 0.090625
5 0.61640625 0.9171875 0.125 0.15625
5 0.21953125 0.8609375 0.3734375 0.2625
5 0.1421875 0.103125 0.153125 0.20625
5 0.05546875 0.459375 0.1109375 0.271875
5 0.11171875 0.278125 0.1453125 0.1453125
5 0.04921875 0.1546875 0.078125 0.25