5 0.4 0.15078125 0.1296875 0.14140625
5 0.7203125 0.2546875 0.12109375 0.28359375
5 0.82109375 0.31953125 0.17890625 0.225
5 0.75625 0.478125 0.10234375 0.18984375
5 0.81171875 0.5859375 0.22890625 0.33515625
5 0.71796875 0.740625 0.17578125 0.37109375
5 0.6390625 0.43828125 0.178125 0.1796875
5 0.28671875 0.1265625 0.11328125 0.09296875
5 0.1203125 0.28515625 0.103125 0.1140625
5 0.18046875 0.43828125 0.0953125 0.209375
5 0.35703125 0.5375 0.1421875 0.22890625
5 0.390625 0.3765625 0.12734375 0.225
5 0.5359375 0.34296875 0.07421875 0.10703125
5 0.38515625 0.79609375 0.12890625 0.23828125
5 0.52734375 0.82734375 0.1359375 0.1453125