5 0.26640625 0.171875 0.10078125 0.1625
5 0.1453125 0.5 0.075 0.15859375
5 0.13046875 0.70234375 0.07734375 0.1390625
5 0.2296875 0.84453125 0.0875 0.165625
5 0.36171875 0.75859375 0.0609375 0.15546875
5 0.43671875 0.496875 0.0953125 0.14921875
5 0.46015625 0.19140625 0.0578125 0.15390625
5 0.634375 0.13828125 0.05078125 0.1453125
5 0.62578125 0.47421875 0.05859375 0.14765625
5 0.57421875 0.74921875 0.08203125 0.17421875
5 0.725 0.7328125 0.06171875 0.1703125
5 0.825 0.38125 0.08984375 0.1375
5 0.8875 0.646875 0.0984375 0.15078125