5 0.16875 0.18203125 0.2 0.253125
5 0.3625 0.11875 0.19375 0.2375
5 0.55 0.1484375 0.1328125 0.178125
5 0.7609375 0.19921875 0.2140625 0.234375
5 0.94921875 0.26640625 0.1015625 0.1734375
5 0.29140625 0.3765625 0.175 0.1890625
5 0.4828125 0.44296875 0.159375 0.1984375
5 0.66015625 0.4375 0.1625 0.1765625
5 0.87421875 0.56953125 0.2046875 0.2359375
5 0.065625 0.51875 0.13125 0.215625
5 0.06796875 0.78203125 0.1359375 0.1828125
5 0.209375 0.61796875 0.1515625 0.203125
5 0.31015625 0.87109375 0.1296875 0.1796875
5 0.44609375 0.7140625 0.18125 0.228125
5 0.565625 0.915625 0.153125 0.16875
5 0.6859375 0.72734375 0.10625 0.14375
5 0.7921875 0.875 0.1796875 0.2375