5 0.95 0.35703125 0.09375 0.2125
5 0.71328125 0.9296875 0.121875 0.1109375
5 0.07890625 0.93046875 0.0953125 0.121875
5 0.0375 0.67421875 0.05625 0.1
5 0.60625 0.4328125 0.153125 0.2328125
5 0.728125 0.52578125 0.209375 0.1453125
5 0.70546875 0.58828125 0.1375 0.1703125
5 0.74921875 0.72734375 0.1578125 0.15
5 0.66328125 0.7734375 0.15 0.196875
5 0.55625 0.5890625 0.171875 0.1796875
5 0.540625 0.7671875 0.240625 0.16875
5 0.37734375 0.67734375 0.0875 0.16875
5 0.43515625 0.73984375 0.13125 0.125
5 0.31484375 0.71484375 0.128125 0.178125
5 0.36015625 0.87421875 0.1171875 0.1796875
5 0.45 0.8734375 0.14375 0.16875
5 0.3046875 0.2734375 0.1140625 0.1609375
5 0.35078125 0.25078125 0.1203125 0.1984375
5 0.21015625 0.215625 0.1203125 0.20625
5 0.33203125 0.4 0.16875 0.1734375
5 0.12109375 0.28125 0.1375 0.1625
5 0.06484375 0.33359375 0.1296875 0.2203125
5 0.05078125 0.103125 0.1015625 0.1390625
5 0.07890625 0.63671875 0.1328125 0.2015625
5 0.21015625 0.46484375 0.128125 0.1609375