5 0.3171875 0.32421875 0.33984375 0.4078125
5 0.8734375 0.14765625 0.253125 0.2953125
5 0.86640625 0.44609375 0.2671875 0.3515625
5 0.46484375 0.43203125 0.2140625 0.3125
5 0.58828125 0.62421875 0.36640625 0.30078125
5 0.8875 0.84921875 0.225 0.2984375
5 0.4515625 0.7890625 0.22265625 0.26640625
5 0.29609375 0.84296875 0.21796875 0.1734375
5 0.42734375 0.915625 0.20625 0.16875
5 0.3046875 0.61015625 0.2796875 0.30859375
5 0.12734375 0.58125 0.2546875 0.275
5 0.19765625 0.91796875 0.28359375 0.1640625