5 0.2984375 0.24453125 0.1203125 0.225
5 0.21171875 0.4046875 0.1578125 0.225
5 0.33046875 0.45703125 0.18515625 0.27421875
5 0.18203125 0.303125 0.1921875 0.26640625
5 0.4234375 0.2453125 0.2078125 0.41484375
5 0.20859375 0.61875 0.22265625 0.33359375
5 0.45703125 0.64296875 0.26953125 0.4203125
5 0.66796875 0.5234375 0.12890625 0.1859375
5 0.7484375 0.43359375 0.10625 0.2265625
5 0.65546875 0.36484375 0.1671875 0.23984375
5 0.76328125 0.60234375 0.15703125 0.2875
5 0.825 0.38359375 0.16484375 0.3109375
5 0.89921875 0.72265625 0.1078125 0.16640625
5 0.8171875 0.8265625 0.14296875 0.18125
5 0.74921875 0.86796875 0.17890625 0.2640625
5 0.9484375 0.87265625 0.103125 0.17890625