5 0.11015625 0.2578125 0.15625 0.225
5 0.284375 0.14375 0.1484375 0.2359375
5 0.47578125 0.14609375 0.1015625 0.1609375
5 0.69296875 0.1515625 0.175 0.203125
5 0.91015625 0.175 0.109375 0.15390625
5 0.2703125 0.42265625 0.14375 0.1625
5 0.47109375 0.44765625 0.12578125 0.17578125
5 0.64375 0.40546875 0.13359375 0.1515625
5 0.88046875 0.48984375 0.16484375 0.20546875
5 0.078125 0.609375 0.0953125 0.2
5 0.1234375 0.86953125 0.1328125 0.159375
5 0.240625 0.67578125 0.115625 0.1828125
5 0.39140625 0.90234375 0.0984375 0.1625
5 0.49140625 0.7203125 0.14140625 0.203125
5 0.653125 0.903125 0.121875 0.16640625
5 0.72890625 0.68359375 0.08125 0.1296875
5 0.8640625 0.80625 0.1390625 0.2125