5 0.2625 0.17421875 0.30234375 0.2484375
5 0.44765625 0.37578125 0.20078125 0.1875
5 0.2171875 0.45234375 0.2296875 0.21875
5 0.75859375 0.8625 0.28515625 0.153125
5 0.63125 0.63125 0.42265625 0.265625
5 0.8203125 0.43828125 0.2140625 0.1546875
5 0.759375 0.11796875 0.17578125 0.18828125
5 0.821875 0.24140625 0.22109375 0.20703125
5 0.66328125 0.30703125 0.18828125 0.22734375
5 0.60625 0.1890625 0.26015625 0.20703125
5 0.18203125 0.69296875 0.2359375 0.234375
5 0.31875 0.696875 0.15859375 0.221875
5 0.38984375 0.82734375 0.29921875 0.2421875
5 0.18125 0.85078125 0.26875 0.190625