5 0.3484375 0.14140625 0.353125 0.2828125
5 0.47890625 0.3671875 0.240625 0.23125
5 0.2375 0.38515625 0.2765625 0.2671875
5 0.66328125 0.90234375 0.3140625 0.1953125
5 0.5953125 0.659375 0.475 0.359375
5 0.82578125 0.51796875 0.2453125 0.2015625
5 0.84375 0.1921875 0.215625 0.225
5 0.87109375 0.32734375 0.2578125 0.2546875
5 0.70546875 0.35234375 0.2375 0.265625
5 0.678125 0.22421875 0.303125 0.2640625
5 0.14453125 0.61015625 0.2859375 0.284375
5 0.2765625 0.646875 0.2078125 0.253125
5 0.3140625 0.790625 0.3484375 0.3078125
5 0.12890625 0.7625 0.2578125 0.25