5 0.86015625 0.81953125 0.18984375 0.284375
5 0.67109375 0.81796875 0.2171875 0.23203125
5 0.66015625 0.35859375 0.1875 0.34375
5 0.7578125 0.4390625 0.12890625 0.27734375
5 0.75703125 0.20546875 0.140625 0.28125
5 0.8640625 0.36640625 0.17734375 0.2890625
5 0.34609375 0.2578125 0.16171875 0.2390625
5 0.3828125 0.36328125 0.25546875 0.2640625
5 0.175 0.3703125 0.24375 0.24921875
5 0.17109375 0.21640625 0.25546875 0.28359375
5 0.29921875 0.659375 0.1140625 0.29765625
5 0.38359375 0.82421875 0.2171875 0.27421875
5 0.1765625 0.74296875 0.234375 0.2484375
5 0.2390625 0.84140625 0.1359375 0.209375