1 0.1625 0.5890625 0.0328125 0.0609375
1 0.190625 0.59921875 0.03046875 0.06484375
1 0.4328125 0.59609375 0.04375 0.084375
1 0.32578125 0.690625 0.04921875 0.071875
1 0.134375 0.5859375 0.03515625 0.06484375
1 0.12421875 0.625 0.03359375 0.06640625
1 0.33515625 0.6234375 0.0359375 0.05703125
1 0.79921875 0.48359375 0.0953125 0.21328125
1 0.7234375 0.26484375 0.06328125 0.115625
1 0.9390625 0.6953125 0.09140625 0.2109375
1 0.87265625 0.81484375 0.11796875 0.20234375
1 0.775 0.76171875 0.09453125 0.19453125
1 0.58359375 0.73046875 0.10546875 0.2015625
1 0.61015625 0.9078125 0.078125 0.15625
1 0.67890625 0.9125 0.1015625 0.1578125
1 0.76328125 0.934375 0.08515625 0.11015625
1 0.83359375 0.9515625 0.09140625 0.07890625