1 0.1625 0.5890625 0.0328125 0.0609375
1 0.190625 0.59921875 0.03125 0.065625
1 0.4328125 0.59609375 0.04375 0.084375
1 0.32578125 0.690625 0.05 0.071875
1 0.134375 0.5859375 0.034375 0.065625
1 0.12421875 0.625 0.034375 0.065625
1 0.33515625 0.6234375 0.0359375 0.05625
1 0.79921875 0.48359375 0.0953125 0.2125
1 0.7234375 0.26484375 0.0625 0.115625
1 0.9390625 0.6953125 0.090625 0.2109375
1 0.87265625 0.81484375 0.11875 0.203125
1 0.775 0.76171875 0.09375 0.19375
1 0.58359375 0.73046875 0.10625 0.2015625
1 0.61015625 0.9078125 0.078125 0.15625
1 0.67890625 0.9125 0.1015625 0.1578125
1 0.76328125 0.934375 0.084375 0.109375
1 0.83359375 0.9515625 0.090625 0.078125