1 0.20546875 0.2046875 0.0578125 0.08515625
1 0.15703125 0.1890625 0.0484375 0.071875
1 0.115625 0.22421875 0.0515625 0.0671875
1 0.07578125 0.25390625 0.0578125 0.07421875
1 0.12109375 0.33359375 0.0515625 0.0734375
1 0.24140625 0.35390625 0.04609375 0.06640625
1 0.246875 0.4609375 0.05078125 0.06640625
1 0.2140625 0.4078125 0.0484375 0.06640625
1 0.18359375 0.35625 0.0515625 0.05546875
1 0.14453125 0.45078125 0.04453125 0.06171875
1 0.1 0.4625 0.0515625 0.07109375
1 0.1171875 0.50078125 0.0484375 0.0453125
1 0.46640625 0.39375 0.053125 0.07890625
1 0.525 0.4421875 0.046875 0.07890625
1 0.5 0.46015625 0.03671875 0.0625
1 0.45234375 0.47578125 0.053125 0.075
1 0.4640625 0.61484375 0.06796875 0.07265625
1 0.5171875 0.590625 0.0734375 0.11171875
1 0.60625 0.615625 0.05546875 0.0703125
1 0.6359375 0.56328125 0.059375 0.08359375
1 0.8546875 0.1296875 0.04921875 0.06328125
1 0.8734375 0.0796875 0.06484375 0.05390625
1 0.57578125 0.4359375 0.0484375 0.0734375
1 0.39921875 0.04375 0.04140625 0.0515625
1 0.31953125 0.03203125 0.059375 0.0453125
1 0.57890625 0.7203125 0.0625 0.103125
1 0.634375 0.70546875 0.05546875 0.08671875
1 0.6796875 0.7515625 0.06171875 0.0953125
1 0.7328125 0.84453125 0.0609375 0.09375
1 0.7671875 0.953125 0.0484375 0.065625
1 0.8796875 0.84296875 0.04921875 0.0765625
1 0.91875 0.80703125 0.05546875 0.06875
1 0.76953125 0.68359375 0.078125 0.09296875
1 0.8296875 0.6734375 0.06796875 0.08515625
1 0.88515625 0.73203125 0.06640625 0.0890625