1 0.115625 0.1703125 0.0625 0.0671875
1 0.22890625 0.3609375 0.0875 0.0953125
1 0.2953125 0.43046875 0.0703125 0.096875
1 0.34140625 0.434375 0.06875 0.0828125
1 0.36875 0.409375 0.0734375 0.0859375
1 0.34765625 0.46484375 0.0734375 0.0609375
1 0.4625 0.4734375 0.0546875 0.0625
1 0.51015625 0.45546875 0.040625 0.0703125
1 0.6296875 0.66171875 0.0640625 0.0734375
1 0.5890625 0.6109375 0.0453125 0.0703125
1 0.67734375 0.62890625 0.0546875 0.05625
1 0.63828125 0.61484375 0.046875 0.0640625
1 0.6796875 0.5734375 0.0546875 0.04375
1 0.74609375 0.69921875 0.0734375 0.0921875
1 0.69921875 0.73046875 0.059375 0.08125
1 0.75703125 0.64375 0.0625 0.071875
1 0.81015625 0.72578125 0.0484375 0.0546875
1 0.4796875 0.61328125 0.05625 0.0578125
1 0.41640625 0.7171875 0.05 0.053125
1 0.52265625 0.5578125 0.0453125 0.0484375