1 0.4671875 0.334375 0.09765625 0.12265625
1 0.63828125 0.08359375 0.0953125 0.115625
1 0.63671875 0.36640625 0.084375 0.1
1 0.5875 0.43125 0.065625 0.07109375
1 0.5578125 0.36640625 0.0640625 0.1359375
1 0.57890625 0.740625 0.10390625 0.14140625
1 0.77265625 0.62734375 0.07421875 0.1328125
1 0.7078125 0.64765625 0.06953125 0.11796875
1 0.81875 0.56796875 0.0875 0.10859375
1 0.45078125 0.65390625 0.0828125 0.109375
1 0.22421875 0.61171875 0.078125 0.08515625
1 0.29609375 0.5859375 0.0671875 0.08515625
1 0.2859375 0.21484375 0.07578125 0.08828125
1 0.2078125 0.2546875 0.078125 0.1140625
1 0.39765625 0.40703125 0.06875 0.09140625
1 0.7890625 0.3546875 0.06875 0.09375