1 0.7140625 0.1890625 0.0671875 0.153125
1 0.6671875 0.340625 0.0515625 0.1328125
1 0.59921875 0.3109375 0.04375 0.1203125
1 0.6296875 0.346875 0.0484375 0.13125
1 0.53359375 0.4484375 0.0453125 0.1140625
1 0.48671875 0.434375 0.034375 0.1015625
1 0.615625 0.85 0.0453125 0.0828125
1 0.41875 0.81484375 0.046875 0.1015625
1 0.43671875 0.70390625 0.040625 0.1375
1 0.37109375 0.77109375 0.0421875 0.09375
1 0.5421875 0.68671875 0.0390625 0.0921875
1 0.4875 0.609375 0.0359375 0.096875
1 0.36640625 0.94609375 0.0484375 0.10625
1 0.31953125 0.921875 0.0484375 0.11875
1 0.303125 0.8125 0.040625 0.103125