1 0.2875 0.91171875 0.1421875 0.1640625
1 0.23046875 0.8890625 0.121875 0.125
1 0.08359375 0.85390625 0.0890625 0.1515625
1 0.475 0.75703125 0.10625 0.1
1 0.86953125 0.565625 0.078125 0.084375
1 0.71953125 0.57265625 0.06875 0.0875
1 0.640625 0.59140625 0.0546875 0.0765625
1 0.65703125 0.7453125 0.0515625 0.0625
1 0.64921875 0.815625 0.0671875 0.084375
1 0.62578125 0.89921875 0.0765625 0.0921875
1 0.6125 0.95390625 0.0703125 0.0765625
1 0.7546875 0.77265625 0.06875 0.0953125
1 0.79765625 0.50625 0.0765625 0.078125