1 0.16328125 0.2546875 0.0703125 0.09375
1 0.1125 0.246875 0.059375 0.078125
1 0.07734375 0.2875 0.0609375 0.075
1 0.0421875 0.3234375 0.06875 0.0828125
1 0.1 0.39453125 0.0625 0.08125
1 0.221875 0.39609375 0.05625 0.0734375
1 0.24375 0.50078125 0.0609375 0.0734375
1 0.203125 0.45390625 0.0578125 0.0734375
1 0.16484375 0.4078125 0.059375 0.0625
1 0.14140625 0.50703125 0.053125 0.0671875
1 0.09921875 0.52578125 0.0625 0.078125
1 0.121875 0.5609375 0.0546875 0.0515625
1 0.45 0.4 0.0640625 0.0859375
1 0.515625 0.4390625 0.059375 0.0859375
1 0.49375 0.4609375 0.0453125 0.0671875
1 0.44921875 0.48359375 0.0640625 0.0828125
1 0.4828125 0.61875 0.078125 0.0828125
1 0.53125 0.58671875 0.090625 0.121875
1 0.62265625 0.59765625 0.065625 0.078125
1 0.64453125 0.54140625 0.071875 0.0921875
1 0.7921875 0.07890625 0.0578125 0.0703125
1 0.803125 0.02890625 0.071875 0.0578125
1 0.56484375 0.425 0.059375 0.0796875
1 0.32890625 0.06484375 0.0484375 0.0578125
1 0.2484375 0.06640625 0.065625 0.0546875
1 0.6125 0.70546875 0.078125 0.1109375
1 0.66484375 0.68203125 0.06875 0.09375
1 0.7171875 0.7203125 0.0765625 0.103125
1 0.78359375 0.80390625 0.075 0.1015625
1 0.83515625 0.90546875 0.0578125 0.071875
1 0.92890625 0.7796875 0.0609375 0.0828125
1 0.96171875 0.7375 0.065625 0.0765625
1 0.7953125 0.6390625 0.0921875 0.1046875
1 0.853125 0.61953125 0.0796875 0.0953125
1 0.91640625 0.66875 0.0796875 0.0984375