1 0.171875 0.1140625 0.053125 0.059375
1 0.25390625 0.3203125 0.07578125 0.084375
1 0.30859375 0.39921875 0.0578125 0.08828125
1 0.35390625 0.41015625 0.0578125 0.075
1 0.384375 0.38984375 0.06171875 0.0765625
1 0.3546875 0.44140625 0.06640625 0.0515625
1 0.4671875 0.46796875 0.046875 0.05546875
1 0.5171875 0.4578125 0.03046875 0.06640625
1 0.603125 0.6796875 0.05390625 0.065625
1 0.5703125 0.6234375 0.0359375 0.06484375
1 0.6546875 0.6546875 0.04765625 0.05
1 0.61875 0.63515625 0.03828125 0.05859375
1 0.665625 0.60078125 0.05 0.03671875
1 0.71171875 0.73515625 0.06171875 0.08359375
1 0.6609375 0.75859375 0.04765625 0.075
1 0.73125 0.68203125 0.05234375 0.0640625
1 0.77109375 0.771875 0.040625 0.04921875
1 0.4625 0.60859375 0.0484375 0.0515625
1 0.38359375 0.7015625 0.04375 0.046875
1 0.51328125 0.5609375 0.03828125 0.04296875