1 0.22578125 0.8734375 0.12109375 0.146875
1 0.17265625 0.8421875 0.10546875 0.109375
1 0.03359375 0.784375 0.0671875 0.14296875
1 0.43515625 0.75 0.09453125 0.08671875
1 0.8546875 0.62265625 0.0671875 0.075
1 0.70546875 0.60625 0.0578125 0.07890625
1 0.62421875 0.6125 0.04453125 0.07109375
1 0.61640625 0.7671875 0.04296875 0.05625
1 0.59765625 0.83515625 0.05625 0.0765625
1 0.56171875 0.9140625 0.0640625 0.0828125
1 0.53984375 0.965625 0.06015625 0.06875
1 0.70859375 0.809375 0.05546875 0.0875
1 0.79296875 0.553125 0.0671875 0.06796875