1 0.71953125 0.19296875 0.0640625 0.1515625
1 0.6703125 0.34375 0.04921875 0.13203125
1 0.60234375 0.3125 0.0421875 0.1203125
1 0.63203125 0.34921875 0.046875 0.13046875
1 0.534375 0.44921875 0.04375 0.1140625
1 0.4875 0.434375 0.03203125 0.1015625
1 0.609375 0.85234375 0.04453125 0.0828125
1 0.41328125 0.81328125 0.04453125 0.10078125
1 0.4328125 0.703125 0.0375 0.13671875
1 0.36640625 0.76875 0.040625 0.09375
1 0.5390625 0.6875 0.03671875 0.0921875
1 0.4859375 0.609375 0.03359375 0.096875
1 0.35859375 0.94375 0.04609375 0.10546875
1 0.3125 0.91875 0.04609375 0.1171875
1 0.29765625 0.809375 0.03828125 0.10234375