1 0.428125 0.346875 0.125 0.1421875
1 0.53359375 0.06484375 0.1203125 0.1296875
1 0.6 0.3375 0.10625 0.1171875
1 0.56796875 0.4125 0.08125 0.084375
1 0.5234375 0.35625 0.0953125 0.146875
1 0.63515625 0.7140625 0.134375 0.1625
1 0.7953125 0.5578125 0.1046875 0.146875
1 0.7375 0.59296875 0.0953125 0.13125
1 0.82578125 0.4890625 0.1109375 0.1265625
1 0.48984375 0.6609375 0.10625 0.1265625
1 0.259375 0.675 0.096875 0.1015625
1 0.32265625 0.6328125 0.0859375 0.0984375
1 0.2234375 0.275 0.0953125 0.1046875
1 0.15703125 0.3328125 0.103125 0.1296875
1 0.378125 0.434375 0.0890625 0.1046875
1 0.7453125 0.2890625 0.0890625 0.1078125