3 0.26484375 0.46015625 0.11328125 0.1484375
3 0.8421875 0.55390625 0.14296875 0.14609375
3 0.88046875 0.7125 0.09296875 0.1734375
3 0.5625 0.6828125 0.10078125 0.1359375
3 0.43125 0.43828125 0.09296875 0.23671875
3 0.471875 0.64296875 0.11484375 0.28203125
3 0.16796875 0.55390625 0.06640625 0.153125
3 0.1484375 0.43828125 0.0859375 0.11796875
3 0.1 0.2171875 0.08203125 0.265625
3 0.16796875 0.14765625 0.0875 0.23984375
3 0.22890625 0.065625 0.10078125 0.13046875
3 0.271875 0.3421875 0.13203125 0.14921875
3 0.4703125 0.34765625 0.04453125 0.1546875
3 0.5359375 0.465625 0.06640625 0.25625
3 0.5625 0.6703125 0.08671875 0.13515625
3 0.6015625 0.803125 0.1125 0.31484375
3 0.63828125 0.89921875 0.065625 0.1640625
3 0.665625 0.746875 0.14609375 0.20546875
3 0.7140625 0.79375 0.05859375 0.09921875
3 0.7203125 0.52578125 0.08984375 0.175