6 0.20625 0.44140625 0.1453125 0.1765625
6 0.4796875 0.203125 0.11875 0.2
6 0.384375 0.45546875 0.146875 0.165625
6 0.15546875 0.16328125 0.165625 0.1484375
6 0.55703125 0.70625 0.1296875 0.2078125
6 0.4515625 0.87578125 0.1703125 0.1890625
6 0.20703125 0.69140625 0.09375 0.1234375
6 0.88828125 0.334375 0.1265625 0.165625
6 0.7421875 0.6375 0.16875 0.1859375
6 0.05859375 0.38828125 0.1171875 0.2453125
6 0.16953125 0.5671875 0.1265625 0.1484375
6 0.38359375 0.12890625 0.09375 0.1234375
6 0.6640625 0.3203125 0.1265625 0.1453125
6 0.53046875 0.46953125 0.146875 0.1453125
6 0.878125 0.83203125 0.165625 0.215625
6 0.70703125 0.41953125 0.159375 0.1734375
6 0.43515625 0.2984375 0.10625 0.1484375