3 0.27421875 0.42421875 0.134375 0.1640625
3 0.8296875 0.60703125 0.1640625 0.1671875
3 0.8421875 0.76953125 0.11875 0.1859375
3 0.5328125 0.690625 0.1203125 0.15
3 0.44140625 0.428125 0.128125 0.2484375
3 0.45 0.63671875 0.1578125 0.296875
3 0.16328125 0.5015625 0.0890625 0.1609375
3 0.1625 0.384375 0.103125 0.1296875
3 0.14921875 0.1578125 0.121875 0.275
3 0.22734375 0.1125 0.1234375 0.225
3 0.29921875 0.05078125 0.1203125 0.1015625
3 0.29921875 0.30859375 0.153125 0.16875
3 0.49453125 0.34453125 0.06875 0.159375
3 0.540625 0.471875 0.10625 0.2640625
3 0.53515625 0.678125 0.10625 0.146875
3 0.553125 0.815625 0.1609375 0.328125
3 0.5734375 0.91484375 0.090625 0.1703125
3 0.625 0.76953125 0.1765625 0.2265625
3 0.665625 0.8234375 0.0734375 0.1078125
3 0.71328125 0.56015625 0.115625 0.1875