6 0.20234375 0.4671875 0.13203125 0.16640625
6 0.45390625 0.20625 0.103125 0.1921875
6 0.38125 0.465625 0.13359375 0.1546875
6 0.12734375 0.19453125 0.1546875 0.1359375
6 0.575 0.70078125 0.1125 0.19921875
6 0.484375 0.87890625 0.15546875 0.17578125
6 0.225 0.71640625 0.08359375 0.1171875
6 0.87265625 0.30078125 0.1140625 0.15703125
6 0.753125 0.615625 0.1546875 0.1734375
6 0.05 0.42734375 0.1 0.23671875
6 0.1765625 0.59609375 0.115625 0.13828125
6 0.3515625 0.140625 0.084375 0.11640625
6 0.64765625 0.30703125 0.11484375 0.1359375
6 0.52734375 0.4671875 0.1359375 0.13359375
6 0.90546875 0.79765625 0.14921875 0.203125
6 0.69921875 0.4015625 0.1453125 0.1609375
6 0.41796875 0.3046875 0.09453125 0.140625