13 0.7053006140625 0.163967078125 0.7421077656249999 0.186934378125 0.7683158999999999 0.17762473125 0.783803278125 0.1430125203125 0.78245474375 0.11368764375 0.76243480625 0.0882227609375 0.7368110171875 0.064055365625 0.7203159734375 0.049814425 0.713680103125 0.0036536359375 0.6616047015625 0.00274465625 0.6537757953125001 0.024932831250000002 0.6532157984375 0.0570149984375 0.6766388859375 0.1006782046875 0.7053006140625 0.163967078125
13 0.5127785578124999 0.108980428125 0.4875443328125 0.0624950015625 0.4731526 0.0343377578125 0.456803640625 0.01172755625 0.430960721875 0.000114053125 0.43774267812499995 0.03790558125 0.448390390625 0.067392775 0.4662826640625 0.10816883906250001 0.48243684375000007 0.1419380546875 0.5005239015625 0.171555103125 0.5356659984375 0.1833309234375 0.530597790625 0.1539411203125 0.5127785578124999 0.108980428125
13 0.5472239890624999 0.26725077656249996 0.514331290625 0.233189390625 0.4869694015625 0.202015146875 0.448594584375 0.1622768625 0.417366940625 0.1394069515625 0.4003849421875 0.15306354687499998 0.3779938703125 0.156858615625 0.41426537343750003 0.21051320625 0.4380049796875 0.2360430140625 0.474544309375 0.274353959375 0.5000707078125 0.3041008609375 0.5408653546875 0.31178944375 0.5597558874999999 0.2953755578125 0.5472239890624999 0.26725077656249996
13 0.38579290624999996 0.349546396875 0.42969853281250003 0.39217182500000003 0.47218258593750007 0.40965700937499994 0.5225442359375 0.4021642640625 0.5134885328125 0.3880531796875 0.482309584375 0.362393515625 0.4605515515625 0.3299217875 0.42575032031250004 0.29861768906249997 0.394693109375 0.26598364218750004 0.3654957359375 0.233382059375 0.33079189375 0.196498453125 0.3033813109375 0.168113965625 0.2721780140625 0.1438491796875 0.23314581093750003 0.1417725671875 0.212322403125 0.162338621875 0.2044448015625 0.18731655 0.22258055468750002 0.21414384375 0.2646993890625 0.252552178125 0.31785550156250003 0.29812967968750004 0.38579290624999996 0.349546396875
13 0.1333178515625 0.31862869374999997 0.143177028125 0.2867088453125 0.151419840625 0.2408077640625 0.1632362453125 0.203340871875 0.17125993281250002 0.1699936828125 0.17561264062499998 0.1337918125 0.1591662921875 0.11676112031250001 0.1496723328125 0.12775781718749998 0.1304409359375 0.1636999765625 0.1109417140625 0.214985784375 0.1007660203125 0.26503903125 0.0997921125 0.3208341046875 0.086115875 0.35826853125 0.0855802265625 0.3889558234375 0.11303950625 0.41455055781250005 0.1214284078125 0.36028021718750003 0.1333178515625 0.31862869374999997
13 0.2238936984375 0.671825753125 0.28898795 0.672961978125 0.3690339296875 0.6701732812500001 0.4435247484375 0.6658923156250001 0.4770748359375 0.6622920296875 0.4283931734375 0.573538275 0.377788046875 0.5949797875 0.32375541874999997 0.5996178515625 0.26022883281250003 0.6152526125 0.1967752875 0.62670274375 0.15948118125 0.6316329781250001 0.155469340625 0.6483065734375 0.1664092234375 0.6610552453125 0.2238936984375 0.671825753125
13 0.48708951093749997 0.728046021875 0.5373050765625 0.7289225375 0.521345678125 0.68399430625 0.45620273125 0.6856478359375 0.40031026875000003 0.6902534375 0.2735979625 0.7019946828125 0.22140082187500001 0.7080600875 0.22854799374999998 0.7249284640625 0.323302228125 0.7321636109375 0.369798121875 0.7329752 0.43119704687500005 0.7326516203125 0.48708951093749997 0.728046021875
13 0.949594853125 0.6635633875 0.944672734375 0.6258043234375 0.9001097171874999 0.6208405671875 0.8388568765625 0.6127948859375 0.7737869749999999 0.6102637859375 0.7308890109374999 0.6164915078125001 0.7327001531249999 0.619313725 0.7176023375 0.6316079078125 0.73965254375 0.647341115625 0.7803254546875 0.66200408125 0.8433650874999999 0.6742668562499999 0.9251735109375 0.6770901296875 0.949594853125 0.6635633875
13 0.6084187203125 0.1720431109375 0.6301037109375 0.20869947031249997 0.655581415625 0.2412361265625 0.6849492234375 0.26407357343750004 0.7090297 0.27007510625000003 0.7298774546875 0.24811417656249998 0.7268638640625 0.207597821875 0.7107583828124999 0.1710388546875 0.689292521875 0.12182860312499999 0.656789384375 0.065449184375 0.6296466265625 0.0217210515625 0.618828478125 0.0019979953125 0.57605225625 0.0012513328125 0.5494545609375 0.032879009375000004 0.543095928125 0.07741767499999999 0.5778971578125 0.10872177499999999 0.6084187203125 0.1720431109375
13 0.7882572703124999 0.42075532187500003 0.8325524609375 0.441062721875 0.8715846640624999 0.4431393328125 0.9945529515624999 0.4327280359375 0.9519471625 0.42221723593749994 0.8982067062500001 0.410116778125 0.8653140078125 0.3760553921875 0.8338915828125 0.364344496875 0.8059453515625 0.366647296875 0.77457161875 0.35214665 0.7487773953125 0.337743390625 0.7175984468750001 0.312083728125 0.67509005 0.295993421875 0.6307218171875 0.27987065 0.6061056921875 0.3045564078125 0.6168751453125 0.3270692171875 0.64235285 0.359605875 0.6830501046874999 0.3728739640625 0.7276131218749999 0.37783771875 0.7496146296874999 0.3963606796875 0.7882572703124999 0.42075532187500003
13 0.7661434359375 0.51524984375 0.7612456640625 0.47609590312499994 0.7654522890625 0.44826329375 0.77538450625 0.41215881562499995 0.7423213718749999 0.387861565625 0.727150515625 0.404340378125 0.709657215625 0.44728938749999997 0.7111031421875 0.4710347578125 0.715879175 0.5171630828125 0.7190145015625 0.550705053125 0.7349008578125 0.5998179125 0.7476518828125001 0.615388803125 0.7674676234375 0.545969596875 0.7661434359375 0.51524984375
13 0.9946014484375001 0.8136462718749999 0.9416536234375 0.798769046875 0.9047490796875 0.7813812546875 0.8769002390624999 0.7781045484375 0.8452830296875 0.7775526671875 0.8140797328125 0.75328788125 0.8154282687500001 0.7826127578125 0.8335153249999999 0.8122298062500001 0.8554194453124999 0.836332275 0.8998607203125 0.8482704140624999 0.9497841140625001 0.8658854515625001 0.99050571875 0.8777586640624999 0.9946014484375001 0.8136462718749999
13 0.559564996875 0.6260587515625 0.5886406328125 0.66563471875 0.6079937671875 0.6227181749999999 0.6310909234375 0.578471678125 0.6565105171875001 0.5077549875 0.6740038187499999 0.46480597812499996 0.6840577734375 0.421727115625 0.6938439062499999 0.39399189687499997 0.6682201171875 0.3698245015625 0.6419389390625 0.3833187796875 0.632469325 0.3929206 0.6207990109375 0.42201823125000004 0.6070497296874999 0.46363729062500003 0.578300025 0.511971025 0.55904428125 0.5493080640625 0.5509718984374999 0.58544500625 0.559564996875 0.6260587515625
13 0.00400034375 0.47962175937499996 0.0451845546875 0.4649923109375 0.079392028125 0.42373035156250005 0.07987898125000001 0.395832815625 0.0671766515625 0.377472171875 0.0354864015625 0.381104921875 0.001522403125 0.40841811562499997 0.00400034375 0.47962175937499996
13 0.44603255781250006 0.5222200046875 0.418646325 0.4924406390625 0.398480303125 0.47534501718750005 0.3615514140625 0.4593521015625 0.33034811406250003 0.43508731562499997 0.331599259375 0.4699916984375 0.3515704984375 0.498246334375 0.380840915625 0.5266632875 0.42298410156250005 0.5636767468749999 0.4507355515625 0.5725329609375 0.4623084765625 0.5490148359375 0.44603255781250006 0.5222200046875
13 0.09599776875 0.857959065625 0.0973706515625 0.8858890640625001 0.10258494375 0.9069096078125 0.1452150796875 0.9160255296875001 0.1584774078125 0.90230400625 0.15145197500000002 0.8784612468749999 0.15565859843750002 0.8506286375000001 0.174573475 0.832819875 0.188079278125 0.8051495828125 0.1941213921875 0.7787443140625 0.21306061875 0.759540675 0.2246091953125 0.737417428125 0.238382821875 0.6944034921875 0.2425650984375 0.667965759375 0.2240154359375 0.6648513703125001 0.2050518640625 0.6854498875 0.19154606093749998 0.713120178125 0.18555264375 0.7367356921875 0.1536189171875 0.7543172109375 0.1345823015625 0.7791003578125 0.13414404375 0.804208140625 0.120833021875 0.8207194171875001 0.105637815625 0.8385931078125 0.09599776875 0.857959065625
13 0 0.8754742703125 0.0936409140625 0.9929831390625001 0.1588033390625 0.990213709375 0.12813569062500002 0.9352616328125001 0.07167381874999999 0.8659062984375 0.0370430203125 0.8248380640624999 0 0.7972719484375 0 0.8754742703125
13 0.7886304015625 1 0.763785603125 0.9700770750000001 0.7125136750000001 0.923137159375 0.6741875546875 0.880609121875 0.6284464421875 0.8365563515625001 0.5862545609375001 0.8023326468749999 0.5366720375 0.7651893328125 0.48476706875 0.754516215625 0.4551070859375 0.7484172921875001 0.4418204125 0.7635336921875 0.45821806875000004 0.7833541390625001 0.4745670265625 0.805964340625 0.517051078125 0.8234495234375 0.5685908296875 0.8550457921874999 0.612666890625 0.8879070859375 0.6401505171874999 0.9121069437499999 0.6878488578125 0.9506126703125 0.7399952812499999 1 0.7886304015625 1
13 0.31922675312500004 0.8590649375 0.3271043546875 0.834087009375 0.348098196875 0.8037568187499999 0.3654697578125 0.76778219375 0.37156056406250004 0.738587171875 0.35119976249999996 0.7326505640625001 0.3157167984375 0.74040301875 0.3134430515625 0.7640834609375 0.2999129 0.7931486296875 0.2752480828125 0.8206241375 0.27106580468749997 0.8470618703125 0.2724386875 0.8749918703124999 0.29441585 0.8949097078125 0.315044478125 0.8855026703125001 0.31922675312500004 0.8590649375
13 0.130030915625 0.5069370640625 0.138672709375 0.544761053125 0.1576606296875 0.5227676609375 0.191673321875 0.49266471562499997 0.1959773359375 0.4592526 0.20214118593750002 0.42587294531250003 0.2268546984375 0.39560768281250003 0.2555313625 0.35145857812500003 0.263652440625 0.31253188125000003 0.271603084375 0.283369321875 0.2626934671875 0.2608889765625 0.23455245468750002 0.2743507921875 0.223052571875 0.2936842859375 0.20778432656249998 0.31574260625 0.1793754875 0.344548065625 0.1697597890625 0.36251914687500003 0.1543454546875 0.392946728125 0.1403526984375 0.44851455468749996 0.130030915625 0.5069370640625