13 0.6529017859375 0 0.645461309375 0.022321428125 0.645461309375 0.054408482812500006 0.6696428562500001 0.09765625 0.6994047625 0.1604352671875 0.7366071437499999 0.182756696875 0.762648809375 0.172991071875 0.7775297625 0.138113840625 0.7756696437499999 0.10881696562500001 0.7552083328125 0.0837053578125 0.7291666671875 0.059988840625 0.712425596875 0.046037946875 0.7049851203124999 0 0.6529017859375 0
13 0.4761904765625 0.1422991078125 0.4947916671875 0.1715959828125 0.5301339296875 0.182756696875 0.5245535703125 0.153459821875 0.5059523796875001 0.10881696562500001 0.47991071406249997 0.0627790171875 0.46502976250000005 0.0348772328125 0.448288690625 0.012555803125 0.4222470234375 0.0013950890625 0.4296875 0.0390625 0.44084821406249997 0.068359375 0.459449403125 0.10881696562500001 0.4761904765625 0.1422991078125
13 0.4706101203125 0.27483258906249997 0.49665178593750003 0.30412946406249997 0.537574403125 0.31110491093750003 0.556175596875 0.29436383906249997 0.5431547625 0.26646205312500004 0.5096726203124999 0.2329799109375 0.4817708328125 0.20228794687499999 0.4427083328125 0.163225446875 0.411086309375 0.1409040171875 0.3943452375 0.154854909375 0.372023809375 0.159040178125 0.409226190625 0.21205357187499999 0.43340773749999995 0.23716517812500001 0.4706101203125 0.27483258906249997
13 0.1990327375 0.192522321875 0.2176339296875 0.2190290171875 0.2604166671875 0.25669642812500004 0.3143601203125 0.30133928593750003 0.3831845234375 0.3515625 0.4278273796875 0.39341517812500004 0.4706101203125 0.41015625 0.5208333328125 0.40178571406249997 0.5115327375 0.38783482187499996 0.47991071406249997 0.36272321406249997 0.45758928593750003 0.33063616093750003 0.4222470234375 0.29994419687499996 0.390625 0.2678571421875 0.360863096875 0.2357700890625 0.3255208328125 0.1994977671875 0.297619046875 0.1715959828125 0.2659970234375 0.147879465625 0.22693452343749998 0.146484375 0.2064732140625 0.167410715625 0.1990327375 0.192522321875
13 0.08370535625 0.3655133921875 0.08370535625 0.3962053578125 0.11160714375 0.42131696406249997 0.1190476203125 0.3669084828125 0.1302083328125 0.32505580312500004 0.1395089296875 0.29296875 0.146949403125 0.24693080312500001 0.1581101203125 0.2092633921875 0.165550596875 0.17578125 0.1692708328125 0.139508928125 0.1525297625 0.12276785781249999 0.1432291671875 0.133928571875 0.12462797656249999 0.1702008921875 0.10602678593749999 0.22181919687499999 0.096726190625 0.27204241093750003 0.096726190625 0.3278459828125 0.08370535625 0.3655133921875
13 0.1990327375 0.6319754468750001 0.16183035625 0.6375558031249999 0.1581101203125 0.654296875 0.1692708328125 0.6668526781249999 0.22693452343749998 0.6766183031249999 0.292038690625 0.6766183031249999 0.372023809375 0.6724330359375 0.44642857031250005 0.6668526781249999 0.47991071406249997 0.6626674109375 0.4296875 0.5747767859375 0.37946428593750003 0.5970982140625 0.3255208328125 0.6026785718750001 0.26227678593750003 0.6194196421875 0.1990327375 0.6319754468750001
13 0.2325148796875 0.7296316968750001 0.327380953125 0.7352120531249999 0.3738839296875 0.7352120531249999 0.43526785625000003 0.7338169640625 0.49107142968749995 0.7282366078125 0.5412946437499999 0.7282366078125 0.5245535703125 0.68359375 0.459449403125 0.6863839281249999 0.4036458328125 0.6919642859375 0.2771577375 0.7059151781249999 0.225074403125 0.712890625 0.2325148796875 0.7296316968750001
13 0.7421875 0.6431361609375 0.7831101203124999 0.6570870531249999 0.8463541671874999 0.6682477671875 0.928199403125 0.6696428578125 0.952380953125 0.6556919640625 0.946800596875 0.6180245531249999 0.9021577375 0.6138392859375 0.840773809375 0.6068638390625 0.7756696437499999 0.60546875 0.732886903125 0.6124441968750001 0.7347470234375 0.615234375 0.7198660703125 0.6277901781249999 0.7421875 0.6431361609375
13 0.567336309375 0 0.5412946437499999 0.032087053125 0.5357142859375 0.076729909375 0.571056546875 0.107421875 0.6026785703125 0.1702008921875 0.625 0.2064732140625 0.6510416671875 0.2385602671875 0.6808035703125 0.26088169687499996 0.7049851203124999 0.26646205312500004 0.7254464296875 0.244140625 0.721726190625 0.2036830359375 0.7049851203124999 0.167410715625 0.682663690625 0.11858259062500001 0.649181546875 0.0627790171875 0.6212797625 0.01953125 0.610119046875 0 0.567336309375 0
13 0.639880953125 0.3571428578125 0.6808035703125 0.36969866093750003 0.7254464296875 0.37388392812500004 0.7477678562500001 0.39202008906249997 0.7868303562500001 0.41573660781250005 0.8314732140625001 0.43526785781250005 0.8705357140625001 0.436662946875 0.9933035703125 0.42410714218749995 0.9505208328125001 0.41434151718749995 0.8965773796875001 0.403180803125 0.8630952375 0.36969866093750003 0.8314732140625001 0.35853794687499996 0.8035714296875 0.361328125 0.771949403125 0.3473772328125 0.7459077375 0.33342633906249997 0.7142857140625 0.3083147328125 0.6715029765625 0.29296875 0.6268601203124999 0.2776227671875 0.6026785703125 0.302734375 0.6138392859375 0.32505580312500004 0.639880953125 0.3571428578125
13 0.7198660703125 0.546875 0.7366071437499999 0.595703125 0.7496279765625 0.6110491078125 0.7682291671875 0.5412946421875 0.766369046875 0.5106026781249999 0.760788690625 0.471540178125 0.7645089296875 0.44363839218749995 0.7738095234375 0.407366071875 0.7403273796875001 0.38364955312500004 0.7254464296875 0.400390625 0.7087053562500001 0.44363839218749995 0.7105654765625 0.46735491093750003 0.7161458328125 0.5133928578125 0.7198660703125 0.546875
13 0.8612351203124999 0.830078125 0.9058779765624999 0.8412388390625001 0.956101190625 0.8579799109374999 0.997023809375 0.869140625 1 0.8049665171875 0.946800596875 0.791015625 0.9095982140625001 0.7742745531249999 0.8816964296875 0.771484375 0.850074403125 0.771484375 0.8184523796875001 0.7477678578125 0.8203125 0.7770647328125 0.838913690625 0.8063616078125 0.8612351203124999 0.830078125
13 0.606398809375 0.461774553125 0.5784970234375 0.5106026781249999 0.5598958328125 0.5482700890625 0.5524553562500001 0.5845424109375 0.561755953125 0.625 0.5915178562500001 0.6640625 0.610119046875 0.6208147328125 0.6324404765625 0.576171875 0.6566220234375 0.5050223218750001 0.673363096875 0.461774553125 0.682663690625 0.41852678593750003 0.6919642859375 0.390625 0.6659226203124999 0.3669084828125 0.639880953125 0.380859375 0.6305803562500001 0.390625 0.6194196437499999 0.419921875 0.606398809375 0.461774553125
13 0.078125 0.403180803125 0.06510416718749999 0.3850446421875 0.03348214375 0.38922991093750003 0 0.417131696875 0.0037202375 0.48828125 0.04464285625 0.47293526718749995 0.078125 0.43108258906249997 0.078125 0.403180803125
13 0.381324403125 0.5287388390625 0.42410714374999997 0.5650111609375 0.45200892968749995 0.5733816968750001 0.46316964374999997 0.5496651781249999 0.44642857031250005 0.5231584828125 0.41852678593750003 0.49386160781250005 0.3980654765625 0.47712053593750003 0.360863096875 0.461774553125 0.3292410703125 0.43805803593750003 0.331101190625 0.47293526718749995 0.3515625 0.5008370531249999 0.381324403125 0.5287388390625
13 0.1395089296875 0.7854352671875 0.1395089296875 0.810546875 0.126488096875 0.8272879468750001 0.11160714375 0.8454241078125 0.102306546875 0.8649553578125 0.1041666671875 0.8928571421875 0.10974702343750001 0.9137834828125 0.1525297625 0.9221540171875 0.165550596875 0.908203125 0.1581101203125 0.8844866078125 0.16183035625 0.8565848218750001 0.18043154687500002 0.8384486609374999 0.1934523796875 0.810546875 0.1990327375 0.7840401781249999 0.2176339296875 0.7645089281249999 0.22879464375 0.7421875 0.24181547656250002 0.6989397328125 0.2455357140625 0.6724330359375 0.22693452343749998 0.6696428578125 0.20833333281250002 0.6905691968750001 0.1953125 0.7184709828125 0.18973214375 0.7421875 0.1581101203125 0.7603236609375 0.1395089296875 0.7854352671875
13 0 0.8761160718750001 0.102306546875 1 0.16741071406250002 0.99609375 0.135788690625 0.9416852671875 0.078125 0.8733258921875 0.0427827375 0.8328683031249999 0 0.8021763390625001 0 0.8761160718750001
13 0.801711309375 1 0.771949403125 0.9654017859374999 0.7198660703125 0.9193638390625001 0.6808035703125 0.8775111609374999 0.634300596875 0.8342633921875 0.5915178562500001 0.80078125 0.5412946437499999 0.7645089281249999 0.489211309375 0.7547433031249999 0.459449403125 0.7491629468750001 0.44642857031250005 0.7645089281249999 0.46316964374999997 0.7840401781249999 0.47991071406249997 0.8063616078125 0.522693453125 0.8231026781249999 0.5747767859375 0.8537946421875 0.6194196437499999 0.8858816968750001 0.6473214296875 0.9095982140625001 0.6956845234375 0.947265625 0.7533482140625 1 0.801711309375 1
13 0.2771577375 0.8510044640625001 0.27901785625 0.87890625 0.30133928593750003 0.8984375 0.321800596875 0.888671875 0.3255208328125 0.8621651781249999 0.332961309375 0.8370535718750001 0.3534226203125 0.8063616078125 0.370163690625 0.7700892859375 0.375744046875 0.7407924109375 0.3552827375 0.7352120531249999 0.3199404765625 0.7435825890625 0.31808035625 0.7672991078125 0.3050595234375 0.7965959828125 0.2808779765625 0.8244977671875 0.2771577375 0.8510044640625001
13 0.176711309375 0.35016741093750003 0.16741071406250002 0.36830357187499996 0.1525297625 0.39899553593750003 0.1395089296875 0.45479910781250005 0.1302083328125 0.5133928578125 0.1395089296875 0.5510602671875 0.1581101203125 0.5287388390625 0.1915922625 0.498046875 0.1953125 0.46456473281250005 0.20089285625 0.43108258906249997 0.225074403125 0.400390625 0.252976190625 0.3557477671875 0.2604166671875 0.3166852671875 0.26785714375 0.2873883921875 0.258556546875 0.26506696406249997 0.2306547625 0.2790178578125 0.21949404687500002 0.2985491078125 0.204613096875 0.32087053593750003 0.176711309375 0.35016741093750003