13 0.4844061046875 0.19010863281249998 0.47334660624999997 0.2272727265625 0.49104180468749997 0.24156660937500002 0.52753815625 0.20726129218749997 0.5551869046875 0.140080046875 0.58615350625 0.07861635156249999 0.60827250625 0.020011434375 0.61048440625 0.01286449375 0.58836540625 0.014293884375 0.5739880562499999 0.051457975 0.5385976546875 0.0914808453125 0.51537270625 0.15008576406250002 0.4844061046875 0.19010863281249998
13 0.5629285546875 0.15008576406250002 0.53970360625 0.20869067968750002 0.5186905546875 0.2730131515625 0.51758460625 0.31589479531250003 0.5330679046875 0.34019439687499997 0.54412740625 0.32161234843750003 0.57177615625 0.2587192671875 0.5905773062499999 0.21154945625 0.60053085625 0.1715265875 0.6115903546875 0.11435105625 0.62043795625 0.0671812453125 0.63039150625 0.0400228703125 0.60827250625 0.0400228703125 0.5894713546875 0.08576329218749999 0.5629285546875 0.15008576406250002
13 0.836098209375 0.2530017140625 0.8615350578125 0.2901658078125 0.8925016593749999 0.3173241859375 0.9455872609375 0.3487707265625 0.9997788109375 0.364493996875 0.9986728593749999 0.28873642187500004 0.9533289093749999 0.26729559687500004 0.930103959375 0.2401372203125 0.8958195078125 0.21154945625 0.8526874578125 0.18439108125 0.8172970578125 0.1629502578125 0.8150851578125 0.20869067968750002 0.8261446593749999 0.2587192671875 0.836098209375 0.2530017140625
13 0.8294625078125 0.43596340937500005 0.8394160578125 0.48456260625 0.8593231578125 0.5345911953125 0.8770183578124999 0.567467121875 0.894713559375 0.5917667234375 0.899137359375 0.5560320187500001 0.8913957078125 0.504574040625 0.8891838078125 0.4459691265625 0.8759124093749999 0.3873642078125 0.863746959375 0.34019439687499997 0.8526874578125 0.29445397500000003 0.8493696078124999 0.26157804375000004 0.8327803578124999 0.25014294062500003 0.8261446593749999 0.2587192671875 0.8184030078125 0.28730703125 0.8228268078125 0.3301886796875 0.821720859375 0.39022298437499997 0.8294625078125 0.43596340937500005
13 0.6657819078125 0.5688965125000001 0.68237115625 0.646083475 0.69343065625 0.6903945125 0.7122318078125 0.736134934375 0.73766865625 0.7975986296875 0.75978765625 0.8519153812500001 0.7929661578125 0.849056603125 0.8007078078125 0.811892509375 0.8007078078125 0.7647226984375 0.7929661578125 0.7161234999999999 0.77969475625 0.6632361359375001 0.7619995578125 0.601772440625 0.75536385625 0.5603201828125 0.7343508078125 0.5202973109375 0.7100199078125 0.48170382968750003 0.6845830562499999 0.453116065625 0.66688785625 0.46026300625000005 0.6657819078125 0.49028016093750004 0.66467595625 0.5288736421875 0.6657819078125 0.5688965125000001
13 0.4921477546875 0.5774728421875001 0.5021013046875 0.614636934375 0.5087370046874999 0.658947971875 0.5231143546875 0.7261292171875 0.5352798046875 0.8061749562499999 0.5463393062499999 0.8662092609375 0.5684583062499999 0.8990851921875 0.58836540625 0.8905088609374999 0.5961070562499999 0.861921096875 0.5994249046875 0.8204688390625 0.5994249046875 0.7618639218750001 0.5961070562499999 0.7046883937499999 0.5728821046875 0.6375071484375 0.54965715625 0.5989136640625 0.52200840625 0.563178959375 0.5087370046874999 0.5460263015625 0.487723953125 0.563178959375 0.4921477546875 0.5774728421875001
13 0.61048440625 0.6732418515624999 0.61048440625 0.7175528875 0.6193320078125 0.774728415625 0.6337093546875 0.8204688390625 0.6536164578125 0.8018867921874999 0.66688785625 0.7447112640625 0.67241760625 0.6803887921875 0.6779473578124999 0.626072040625 0.66688785625 0.5474556890625 0.66025215625 0.4759862765625 0.6348153062499999 0.46883933593749993 0.62596770625 0.51029159375 0.62043795625 0.550314465625 0.61490820625 0.6174957109375 0.61048440625 0.6732418515624999
13 0.67131165625 1 0.68126520625 0.9891366515625 0.69896040625 0.9605488843750001 0.7199734578125 0.9190966265625 0.7199734578125 0.8905088609374999 0.6901128078125 0.8805031453125001 0.67020570625 0.883361921875 0.6292855578125 0.9076615218749999 0.5994249046875 0.9291023421875 0.5684583062499999 0.9605488843750001 0.5728821046875 0.9634076609375001 0.54412740625 1 0.67131165625 1
13 0.318513603125 0.5731846765624999 0.320725503125 0.63178959375 0.320725503125 0.688965121875 0.316301703125 0.7204116640625 0.330679053125 0.7632933109375 0.34505640312499997 0.787592909375 0.39371820468749996 0.8076043453124999 0.4202610046875 0.8147512859375 0.4224729046875 0.8033161796874999 0.4202610046875 0.747570040625 0.4125193546875 0.7032590062499999 0.41141340312499997 0.6732418515624999 0.414731253125 0.646083475 0.4180491046875 0.596054890625 0.4180491046875 0.5646083484375 0.406989603125 0.5031446546875 0.3959301046875 0.461692396875 0.384870603125 0.43453401875 0.370493253125 0.40880503125 0.342844503125 0.41595197187500005 0.32846715312499997 0.4331046328125 0.324043353125 0.46455117343749996 0.3174076515625 0.5260148640625 0.318513603125 0.5731846765624999
13 0.402565803125 1 0.43353240312499997 0.9962835906249999 0.4479097546875 0.9348198968749999 0.47666445468749996 0.8590623203125001 0.47998230468749997 0.7918810749999999 0.47113470625 0.7590051453125 0.43685025624999996 0.7518582046875 0.3815527546875 0.8547741578125001 0.352798053125 0.9419668390625 0.3395266546875 1 0.402565803125 1
13 0.179163903125 1 0.201282903125 0.971983990625 0.2123424015625 0.9376786734375001 0.2267197515625 0.8905088609374999 0.239991153125 0.8347627203125001 0.23888520156249998 0.7947398515625 0.166998453125 0.7704402515625 0.1614687 0.7904516859374999 0.14709135 0.8604917109375 0.1316080515625 0.9105202984374999 0.11833665156249999 0.971983990625 0.12497235 1 0.179163903125 1
13 0.2023888515625 0.5931961125 0.1902234015625 0.6360777578125 0.1835877 0.6761006296875001 0.179163903125 0.710405946875 0.201282903125 0.7175528875 0.223401903125 0.646083475 0.249944703125 0.596054890625 0.274275603125 0.5646083484375 0.30081840312499997 0.5331618078125 0.3129838546875 0.504574040625 0.301924353125 0.474556890625 0.26874585156249997 0.498856490625 0.249944703125 0.5145797609375 0.2344614015625 0.53173241875 0.21676620156249998 0.5588907953125 0.2023888515625 0.5931961125
13 0.2046007515625 0.3244711265625 0.19907100312499998 0.364493996875 0.21676620156249998 0.3616352203125 0.245520903125 0.313036021875 0.26763990312499997 0.2587192671875 0.27869940312499997 0.22441395000000003 0.286441053125 0.1872498578125 0.288652953125 0.140080046875 0.269851803125 0.1515151515625 0.252156603125 0.18439108125 0.23777925312499998 0.2258433390625 0.2245078515625 0.25728988125 0.2123424015625 0.2901658078125 0.2046007515625 0.3244711265625
13 0.4456978546875 0.2701543734375 0.4722406546875 0.33161806562499996 0.49657155468749997 0.38593482031250004 0.5142667546874999 0.42881646562500003 0.53196195625 0.4245283015625 0.53196195625 0.397369925 0.51979650625 0.3473413359375 0.50984295625 0.30731846875 0.4888299046875 0.2715837609375 0.46118115625 0.2272727265625 0.4302145546875 0.197255575 0.4080955546875 0.205831903125 0.421366953125 0.23156089375 0.4456978546875 0.2701543734375
13 0.45454545468749996 0.4759862765625 0.463393053125 0.498856490625 0.5452333546875 0.4702687265625 0.5773059046875 0.46026300625000005 0.62596770625 0.42881646562500003 0.66467595625 0.38307604375 0.6901128078125 0.3502001125 0.7000663578124999 0.325900515625 0.69896040625 0.30731846875 0.6879009078125 0.29874213906249997 0.6679938078125 0.3044596921875 0.61601415625 0.34019439687499997 0.56624640625 0.38450543125 0.54191550625 0.4116638078125 0.45454545468749996 0.4759862765625