13 0.5425922609375 0.1383733046875 0.571394946875 0.0758663328125 0.591455190625 0.016525175 0.59341631875 0.00930539375 0.571360678125 0.0115058546875 0.55828909375 0.049149068750000004 0.5243170296875 0.090382665625 0.5031515109375 0.149762421875 0.4736005515625 0.19084162968750001 0.46384479843750004 0.2283690546875 0.4820280671875 0.2420366765625 0.5173049468750001 0.20647855312500002 0.5425922609375 0.1383733046875
13 0.5274706250000001 0.3391376921875 0.5378748859375 0.32018099375000003 0.56331185625 0.25636129687500003 0.58045535 0.20856407031250002 0.5890060593750001 0.16821820781250002 0.5980634234375 0.1106915359375 0.60525943125 0.0632416828125 0.6142591046875 0.035752478125 0.5921535796875 0.0365244203125 0.5749601984375 0.082893128125 0.5506783890625 0.148102746875 0.529512871875 0.2074825015625 0.5107574421875001 0.272499134375 0.511148715625 0.315393253125 0.5274706250000001 0.3391376921875
13 0.9947452671875 0.3471345140625 0.9909960890624999 0.2714616859375 0.9449314875000001 0.251616403125 0.9207728718749999 0.225285109375 0.88551160625 0.1979112703125 0.8414580171875 0.1722747265625 0.8053409031250001 0.152082071875 0.8047266671875001 0.1978718234375 0.8175254046875 0.2474839640625 0.8272733515624999 0.2414225203125 0.8539917125 0.2776762421875 0.8858872640625 0.30373735625 0.9400379953125 0.3333120796875 0.9947452671875 0.3471345140625
13 0.8976757234375 0.5779355171875 0.9008497046875 0.5420681921875 0.8913169125 0.490911740625 0.8870610765625001 0.432419721875 0.87175248125 0.37431366875 0.8579482390625 0.3275971609375 0.8452991578125 0.2822705734375 0.8408359750000001 0.24953046093750003 0.8238577515625 0.23868127968750003 0.8175254046875 0.2474839640625 0.8107861671875 0.27632449375 0.8167038203124999 0.31902563125 0.8176937125 0.3790619609375 0.8270269640624999 0.42450434374999996 0.8386705375 0.47272656093750004 0.8603114828124999 0.5220299265625 0.8791432562500001 0.554268271875 0.8976757234375 0.5779355171875
13 0.7479099171875 0.7891228234375001 0.7719110703125 0.8426345453125 0.804969590625 0.8386195953125 0.8114095156250001 0.8012079625 0.8097633140625 0.7540668859374999 0.8003302921875 0.705767471875 0.7852212328125 0.653375490625 0.7653917609375 0.5925667906250001 0.7573134390625 0.5513713671875 0.7349164140625 0.512106221875 0.7092534421875001 0.4743853859375 0.6828343875 0.4467027703125 0.6653993921875 0.4544629109375 0.6653417 0.4845003765625 0.665583315625 0.5231089453125 0.668085371875 0.5630688375 0.6873583 0.6396298234375 0.699957496875 0.683527896875 0.7203435125000001 0.7285843046875 0.7479099171875 0.7891228234375001
13 0.5459436656250001 0.8047571953125001 0.559091596875 0.8643689578125 0.582344475 0.8964529203125 0.6019401390625 0.8871870656249999 0.608679375 0.8583465359375 0.6105485390625 0.8168037390625 0.60850325625 0.758234521875 0.6031920328125 0.7012096156250001 0.5776366375 0.6348798343750001 0.55307894375 0.5971203984375 0.5241999125000001 0.562372390625 0.5103379765625 0.545693346875 0.48993634531249997 0.5635689 0.4948563015625 0.5776996875 0.5061007953125001 0.614493765625 0.5142788859375 0.658546228125 0.5309920703125 0.7251847859375 0.5459436656250001 0.8047571953125001
13 0.6640585765625 0.796341753125 0.6753264921875 0.7387378906250001 0.6786080515624999 0.6742616171875 0.6822388078125 0.6197849671875 0.668442371875 0.541602478125 0.6593164687499999 0.4704081859375 0.6336456890625 0.46415333125 0.6262501421875 0.5058891140624999 0.6221205375000001 0.546080590625 0.6189387484375 0.613413896875 0.61646315625 0.6692804671875 0.6180095890625 0.713564509375 0.628847196875 0.77039643125 0.644812103125 0.8156072296874999 0.6640585765625 0.796341753125
13 0.73346801875 0.8825940109375001 0.7032763640625 0.8736365125000001 0.683481159375 0.8771882953125001 0.6434339828125 0.902901184375 0.6143397937499999 0.925371065625 0.584489528125 0.9578791703125 0.5890104015625 0.9605818171875 0.5615502734375 0.9981553890624999 0.688657046875 0.9937167234375 0.6982254078125 0.9825126187500001 0.7149121296875001 0.9533247125000001 0.7344657171875 0.9111643609375 0.73346801875 0.8825940109375001
13 0.339971003125 0.7690421359374999 0.3551876390625 0.7928251687500001 0.4045181859375 0.8111261421875 0.43129424062500005 0.8173423984375001 0.4331057140625 0.8058370640625 0.42894965 0.750202078125 0.41966628281249996 0.7061882171875 0.417513421875 0.6762279453125 0.41988143593749994 0.648970321875 0.42145129375 0.598856421875 0.42035382656250003 0.5674290359375 0.40715600937499996 0.5063887546875 0.3946565859375 0.4653477203125 0.3826560078125 0.43859185624999997 0.3673894859375 0.41338030468750003 0.3400070046875 0.42148781875 0.32623703125 0.43913179375 0.32291339531249996 0.470713565625 0.31842678750000003 0.532371396875 0.32117826875 0.5794738781250001 0.325434103125 0.6379659015625 0.3274295 0.6951065984375 0.32410586406249997 0.7266883734375 0.339971003125 0.7690421359374999
13 0.43997265468749996 1 0.450892940625 0.998300953125 0.46311648281249995 0.9363729390625 0.4892097640625 0.8596579875 0.4901810015625 0.7924018765625 0.4801914390625 0.7598547499999999 0.44567845000000006 0.7539086734375 0.3940063484375 0.8586917875 0.3683121453125 0.946834878125 0.358092184375 1 0.43997265468749996 1
13 0.204807909375 1 0.2179368765625 0.982121546875 0.2277924 0.94745115625 0.24051478906249998 0.8998083171875001 0.25183259375 0.8436329703125001 0.24933053749999998 0.8036730796875 0.1766395375 0.7818970937499999 0.1718115421875 0.802089321875 0.1598873109375 0.87258844375 0.1461594171875 0.9231269140625 0.1350411546875 0.9850163296875 0.139147296875 1 0.204807909375 1
13 0.20905735937499997 0.7278454359375 0.22866863906249998 0.65564761875 0.253449296875 0.60472318125 0.2766679078125 0.5724466593749999 0.3020970703125 0.54009294375 0.31325741093750004 0.5110980234375 0.3011570640625 0.4814851296875 0.2688468171875 0.506927840625 0.25060585625 0.5232976828125 0.23573060625000003 0.5409802515625 0.2189939984375 0.5687396375 0.2058226453125 0.60352581875 0.1951611546875 0.6468059109375 0.1899262734375 0.687035984375 0.186702409375 0.7214747921875 0.20905735937499997 0.7278454359375
13 0.259360875 0.2669755 0.2692163984375 0.232305109375 0.27565632500000004 0.1948934765625 0.27622067499999997 0.14767520625 0.2578300578125 0.1597594953125 0.241292990625 0.1932329515625 0.22837106093749998 0.2351617203125 0.21620521250000002 0.2670522703125 0.2051945265625 0.3003327390625 0.19865483125 0.3348873390625 0.1945252296875 0.3750788140625 0.212109878125 0.371604225 0.2391509765625 0.3220311078125 0.259360875 0.2669755
13 0.5293085609375 0.4234588203125 0.5283607484374999 0.3963169890625 0.5144567359375001 0.34674344375 0.503112471875 0.30709233125 0.480865096875 0.2721127359375 0.45168675937499997 0.2287936234375 0.41969143750000004 0.199875475 0.39788522187500003 0.209218521875 0.4120464640625 0.23446867343750002 0.4377094375 0.27218950625 0.4663811203125 0.3326894265625 0.49259282656250003 0.38612395625 0.51177379375 0.4283619265625 0.5293085609375 0.4234588203125
13 0.6234067 0.42446361875000005 0.660495053125 0.37740016249999997 0.6847690562500001 0.343656525 0.6938684984375 0.3190243578125 0.6921147171875 0.30049222656249996 0.6807626453125 0.2923070921875 0.6610672125 0.2987159109375 0.6103663484374999 0.3362429109375 0.5621753484374999 0.38226382187499997 0.5388070843749999 0.4102547890625 0.45373507812499997 0.4775872453125 0.4633754453125 0.5001347515625 0.54416819375 0.4687082171875 0.5758720109375 0.45758927656250004 0.6234067 0.42446361875000005