13 0.696875 0.3125 0.128125 0.10859375
13 0.56796875 0.33125 0.11484375 0.1046875
13 0.44140625 0.325 0.09375 0.1015625
13 0.61015625 0.496875 0.12109375 0.11015625
13 0.22421875 0.30703125 0.11015625 0.10703125
13 0.24765625 0.390625 0.0953125 0.0953125
13 0.26015625 0.5234375 0.10625 0.10703125
13 0.36796875 0.66015625 0.12109375 0.07890625
13 0.4859375 0.803125 0.11484375 0.096875
13 0.540625 0.6984375 0.11640625 0.11796875
13 0.43515625 0.5796875 0.103125 0.096875
13 0.33671875 0.32421875 0.10625 0.08515625
13 0.38671875 0.2265625 0.0984375 0.071875
13 0.73203125 0.40078125 0.1 0.1046875
13 0.73984375 0.51875 0.07890625 0.0921875
13 0.58125 0.603125 0.09140625 0.08515625
13 0.36953125 0.4453125 0.09375 0.090625