13 0.715625 0.334375 0.1390625 0.121875
13 0.58515625 0.3390625 0.125 0.115625
13 0.46015625 0.31953125 0.103125 0.1109375
13 0.61015625 0.50859375 0.13125 0.121875
13 0.24609375 0.27890625 0.1203125 0.1171875
13 0.26015625 0.36484375 0.1046875 0.1046875
13 0.259375 0.4984375 0.1171875 0.1171875
13 0.3515625 0.6453125 0.128125 0.090625
13 0.4546875 0.8 0.125 0.1078125
13 0.51953125 0.7015625 0.128125 0.1296875
13 0.42734375 0.57265625 0.1125 0.1078125
13 0.35625 0.3078125 0.1140625 0.0953125
13 0.415625 0.21640625 0.1046875 0.08125
13 0.74140625 0.42578125 0.1109375 0.1140625
13 0.73671875 0.54375 0.0875 0.1
13 0.5703125 0.6109375 0.1 0.09375
13 0.37578125 0.43203125 0.103125 0.1