13 0.53359375 0.2015625 0.0828125 0.403125
13 0.6546875 0.20546875 0.1078125 0.35546875
13 0.80625 0.20078125 0.0921875 0.39375
13 0.94375 0.20234375 0.090625 0.4046875
13 0.22734375 0.2953125 0.38359375 0.15
13 0.225 0.10703125 0.45 0.1703125
13 0.14921875 0.5296875 0.1140625 0.0765625
13 0.27890625 0.5328125 0.09921875 0.09375
13 0.378125 0.63359375 0.08671875 0.08046875
13 0.04921875 0.5765625 0.08828125 0.0921875
13 0.05234375 0.7375 0.09765625 0.13046875
13 0.140625 0.66484375 0.103125 0.1234375
13 0.240625 0.7140625 0.10703125 0.12734375
13 0.34296875 0.73828125 0.0828125 0.10859375
13 0.23125 0.8484375 0.0734375 0.0734375
13 0.103125 0.86875 0.09921875 0.09375
13 0.40625 0.84140625 0.09765625 0.11484375
13 0.88125 0.83125 0.11640625 0.11484375
13 0.90390625 0.63046875 0.08828125 0.10703125
13 0.878125 0.71953125 0.07109375 0.07890625
13 0.79609375 0.7875 0.065625 0.115625
13 0.56484375 0.6359375 0.06953125 0.07890625
13 0.5734375 0.8109375 0.0859375 0.078125
13 0.7359375 0.95234375 0.059375 0.08203125
13 0.7 0.54375 0.08203125 0.08046875
13 0.65234375 0.596875 0.1140625 0.08359375
13 0.521875 0.6890625 0.0859375 0.08984375
13 0.61328125 0.6765625 0.0828125 0.09375
13 0.73046875 0.64453125 0.071875 0.07890625
13 0.503125 0.84765625 0.05859375 0.0921875
13 0.56484375 0.5375 0.06484375 0.0703125