13 0.2546875 0.475 0.12890625 0.1
13 0.4703125 0.55390625 0.17109375 0.121875
13 0.48515625 0.40078125 0.1265625 0.08203125
13 0.67265625 0.4671875 0.134375 0.0984375
13 0.753125 0.5359375 0.14140625 0.14140625
13 0.7203125 0.64921875 0.11796875 0.13203125
13 0.50625 0.68046875 0.12890625 0.1
13 0.290625 0.65625 0.134375 0.14296875
13 0.31640625 0.3828125 0.11953125 0.07109375
13 0.63828125 0.3875 0.1234375 0.05
13 0.5859375 0.515625 0.16640625 0.10859375
13 0.23828125 0.584375 0.1375 0.1015625
13 0.421875 0.6328125 0.17890625 0.1015625
13 0.6265625 0.66796875 0.1359375 0.121875