13 0.2609375 0.44140625 0.1421875 0.1171875
13 0.46328125 0.54921875 0.1859375 0.14375
13 0.49921875 0.4 0.1375 0.0984375
13 0.67578125 0.49140625 0.146875 0.115625
13 0.7453125 0.57109375 0.159375 0.159375
13 0.69765625 0.678125 0.1359375 0.146875
13 0.48125 0.6796875 0.1421875 0.1171875
13 0.27109375 0.62578125 0.153125 0.1609375
13 0.334375 0.35859375 0.128125 0.0875
13 0.65234375 0.4078125 0.1296875 0.0671875
13 0.5828125 0.52734375 0.1796875 0.13125
13 0.22890625 0.546875 0.15 0.1203125
13 0.40390625 0.6203125 0.190625 0.125
13 0.60234375 0.68359375 0.1515625 0.1390625