13 0.46171875 0.24921875 0.109375 0.128125
13 0.53046875 0.284375 0.1171875 0.1484375
13 0.7140625 0.39921875 0.134375 0.1796875
13 0.82265625 0.38125 0.1296875 0.1640625
13 0.75703125 0.6 0.1203125 0.1328125
13 0.66953125 0.628125 0.1375 0.1890625
13 0.5125 0.7078125 0.1125 0.1265625
13 0.38671875 0.74453125 0.1171875 0.1453125
13 0.31484375 0.79375 0.1203125 0.1765625
13 0.29765625 0.62109375 0.1390625 0.1703125
13 0.4046875 0.62890625 0.121875 0.1515625
13 0.4640625 0.57890625 0.1140625 0.1390625
13 0.59375 0.48046875 0.0953125 0.121875
13 0.6859375 0.52109375 0.121875 0.1515625
13 0.46171875 0.42578125 0.128125 0.146875
13 0.31328125 0.353125 0.115625 0.1390625
13 0.30234375 0.46171875 0.1203125 0.1453125
13 0.63046875 0.378125 0.1046875 0.1234375