13 0.40234375 0.265625 0.084375 0.1109375
13 0.47734375 0.28359375 0.0875 0.13125
13 0.68359375 0.35 0.09921875 0.16015625
13 0.784375 0.30703125 0.09765625 0.14453125
13 0.7734375 0.53515625 0.09609375 0.1125
13 0.6953125 0.58359375 0.09921875 0.1703125
13 0.5625 0.6984375 0.08828125 0.1078125
13 0.44921875 0.76484375 0.0890625 0.128125
13 0.39140625 0.8296875 0.084375 0.16015625
13 0.3328125 0.66640625 0.10546875 0.15
13 0.4390625 0.6484375 0.09296875 0.1328125
13 0.484375 0.58515625 0.08671875 0.12109375
13 0.5859375 0.45859375 0.071875 0.10703125
13 0.6859375 0.47578125 0.0921875 0.1328125
13 0.4453125 0.4375 0.10078125 0.12578125
13 0.28359375 0.40234375 0.08828125 0.12109375
13 0.29921875 0.5109375 0.09296875 0.12578125
13 0.596875 0.35 0.08046875 0.1078125