13 0.8421875 0.53203125 0.203125 0.553125
13 0.7625 0.4203125 0.13125 0.3734375
13 0.565625 0.559375 0.19375 0.1453125
13 0.6 0.81015625 0.7078125 0.2
13 0.378125 0.7796875 0.0875 0.440625
13 0.21171875 0.3015625 0.1609375 0.5734375
13 0.15703125 0.54453125 0.078125 0.58125
13 0.0796875 0.31875 0.046875 0.278125
13 0.5625 0.2703125 0.5609375 0.1
13 0.49921875 0.078125 0.1046875 0.15625
13 0.6515625 0.08046875 0.2828125 0.0625
13 0.584375 0.3859375 0.190625 0.153125
13 0.4953125 0.878125 0.0890625 0.24375