13 0.8421875 0.53203125 0.20390625 0.55390625
13 0.7625 0.4203125 0.13203125 0.3734375
13 0.565625 0.559375 0.19453125 0.1453125
13 0.6 0.81015625 0.7078125 0.20078125
13 0.378125 0.7796875 0.0875 0.43984375
13 0.21171875 0.3015625 0.1609375 0.5734375
13 0.15703125 0.54453125 0.07890625 0.58203125
13 0.0796875 0.31875 0.046875 0.27734375
13 0.5625 0.2703125 0.5609375 0.10078125
13 0.49921875 0.078125 0.1046875 0.15546875
13 0.6515625 0.08046875 0.2828125 0.06171875
13 0.584375 0.3859375 0.18984375 0.15390625
13 0.4953125 0.878125 0.0890625 0.24375