13 0.2875 0.609375 0.0734375 0.090625
13 0.31796875 0.5578125 0.05859375 0.075
13 0.37109375 0.55078125 0.06953125 0.08671875
13 0.40703125 0.67734375 0.0609375 0.1125
13 0.46875 0.80703125 0.06953125 0.078125
13 0.4015625 0.76953125 0.06328125 0.08515625
13 0.34453125 0.809375 0.078125 0.1109375
13 0.2890625 0.7328125 0.0703125 0.10234375
13 0.35859375 0.71875 0.065625 0.090625
13 0.48984375 0.67734375 0.06171875 0.078125
13 0.4515625 0.459375 0.059375 0.1140625
13 0.50234375 0.4609375 0.0625 0.10234375
13 0.6234375 0.5359375 0.065625 0.09921875
13 0.6296875 0.35078125 0.0609375 0.08828125
13 0.584375 0.43359375 0.0484375 0.06484375
13 0.55859375 0.3828125 0.0625 0.07890625
13 0.61171875 0.26953125 0.06796875 0.08671875
13 0.5578125 0.25625 0.0609375 0.08515625
13 0.41484375 0.37578125 0.05703125 0.06484375
13 0.6578125 0.43359375 0.05546875 0.096875
13 0.56484375 0.5921875 0.0640625 0.07890625
13 0.47734375 0.6015625 0.0765625 0.0890625