13 0.29375 0.6203125 0.078125 0.09375
13 0.32109375 0.5671875 0.0625 0.078125
13 0.37421875 0.5578125 0.0734375 0.090625
13 0.41640625 0.68203125 0.0671875 0.115625
13 0.48515625 0.80859375 0.0734375 0.08125
13 0.415625 0.77421875 0.0671875 0.0890625
13 0.3609375 0.8171875 0.084375 0.115625
13 0.3015625 0.74375 0.075 0.10625
13 0.3703125 0.72578125 0.0703125 0.09375
13 0.49921875 0.67734375 0.065625 0.08125
13 0.44921875 0.46171875 0.065625 0.1171875
13 0.5 0.4609375 0.0671875 0.10625
13 0.625 0.5296875 0.0703125 0.103125
13 0.621875 0.34453125 0.065625 0.090625
13 0.58046875 0.42890625 0.0515625 0.0671875
13 0.55234375 0.3796875 0.0671875 0.0828125
13 0.59921875 0.2640625 0.071875 0.090625
13 0.5453125 0.25390625 0.065625 0.0875
13 0.40859375 0.38046875 0.0609375 0.0671875
13 0.65390625 0.42578125 0.0609375 0.1
13 0.56953125 0.58828125 0.06875 0.0828125
13 0.4828125 0.60234375 0.08125 0.0921875