13 0.4328125 0.26953125 0.0671875 0.0921875
13 0.52890625 0.22109375 0.06328125 0.08828125
13 0.60234375 0.234375 0.059375 0.0765625
13 0.6359375 0.30859375 0.07578125 0.0890625
13 0.6734375 0.3859375 0.08046875 0.10234375
13 0.72109375 0.4625 0.078125 0.0890625
13 0.73359375 0.55625 0.0515625 0.071875
13 0.69453125 0.64296875 0.0703125 0.1296875
13 0.66640625 0.7453125 0.0765625 0.109375
13 0.63359375 0.6234375 0.059375 0.10234375
13 0.5890625 0.55078125 0.08359375 0.13828125
13 0.62734375 0.45703125 0.08203125 0.1328125
13 0.52890625 0.3875 0.05859375 0.0953125
13 0.45546875 0.453125 0.06640625 0.09375
13 0.40703125 0.36484375 0.0703125 0.08359375
13 0.46640625 0.36328125 0.0640625 0.12109375
13 0.5 0.27265625 0.04921875 0.08046875
13 0.56484375 0.2984375 0.08046875 0.10390625
13 0.3484375 0.48046875 0.071875 0.11953125
13 0.4125 0.48125 0.08515625 0.1125
13 0.3515625 0.60390625 0.0671875 0.10390625
13 0.3765625 0.715625 0.05859375 0.096875
13 0.39921875 0.66796875 0.0703125 0.09921875
13 0.459375 0.73359375 0.08046875 0.12109375
13 0.53125 0.61015625 0.0765625 0.0921875
13 0.58046875 0.6609375 0.04609375 0.0734375
13 0.60625 0.7140625 0.05546875 0.0953125
13 0.52890625 0.7046875 0.0796875 0.08671875
13 0.55234375 0.74375 0.0671875 0.08359375
13 0.5953125 0.79296875 0.078125 0.08046875
13 0.5390625 0.83125 0.06171875 0.09921875
13 0.415625 0.5828125 0.0640625 0.0953125
13 0.4640625 0.58203125 0.05078125 0.08203125
13 0.51640625 0.475 0.08515625 0.09921875