13 0.48203125 0.2609375 0.084375 0.1046875
13 0.5859375 0.2328125 0.0796875 0.1
13 0.65546875 0.26171875 0.0734375 0.0875
13 0.67265625 0.34140625 0.0921875 0.103125
13 0.69375 0.42421875 0.1 0.1171875
13 0.72421875 0.509375 0.0953125 0.103125
13 0.71640625 0.60390625 0.065625 0.08125
13 0.6609375 0.68046875 0.0953125 0.1421875
13 0.61171875 0.77421875 0.096875 0.1234375
13 0.6046875 0.6484375 0.0796875 0.1125
13 0.5765625 0.56796875 0.1109375 0.153125
13 0.63359375 0.484375 0.1078125 0.146875
13 0.5515625 0.39609375 0.0765625 0.1046875
13 0.46640625 0.44453125 0.084375 0.10625
13 0.4375 0.3484375 0.0859375 0.096875
13 0.4953125 0.359375 0.0875 0.13125
13 0.54765625 0.27734375 0.065625 0.0890625
13 0.60546875 0.31640625 0.1 0.11875
13 0.35546875 0.44921875 0.0953125 0.13125
13 0.41796875 0.46328125 0.10625 0.128125
13 0.3328125 0.57109375 0.0875 0.115625
13 0.334375 0.68515625 0.078125 0.10625
13 0.36640625 0.64296875 0.0890625 0.1109375
13 0.41171875 0.7203125 0.103125 0.1359375
13 0.5078125 0.6140625 0.09375 0.10625
13 0.5453125 0.67421875 0.0609375 0.08125
13 0.559375 0.73125 0.0734375 0.1046875
13 0.4859375 0.70625 0.0953125 0.1015625
13 0.50078125 0.74921875 0.0828125 0.0953125
13 0.53203125 0.80625 0.09375 0.0953125
13 0.46953125 0.83203125 0.08125 0.109375
13 0.4 0.56328125 0.0828125 0.10625
13 0.44765625 0.57265625 0.0671875 0.090625
13 0.52109375 0.47890625 0.1046875 0.1140625