13 0.4109375 0.25234375 0.1484375 0.1703125
13 0.55234375 0.17890625 0.140625 0.18125
13 0.64453125 0.23671875 0.1078125 0.1796875
13 0.7109375 0.35703125 0.15625 0.2
13 0.75234375 0.50546875 0.1671875 0.2046875
13 0.640625 0.546875 0.146875 0.203125
13 0.62890625 0.7171875 0.165625 0.1921875
13 0.509375 0.69140625 0.1484375 0.2046875
13 0.51875 0.53046875 0.1859375 0.2609375
13 0.55234375 0.334375 0.15625 0.1828125
13 0.321875 0.371875 0.14375 0.2015625
13 0.36875 0.49921875 0.125 0.1546875
13 0.328125 0.653125 0.1515625 0.1921875