13 0.3734375 0.26953125 0.12578125 0.153125
13 0.5015625 0.175 0.11640625 0.165625
13 0.6015625 0.2171875 0.08203125 0.16875
13 0.6859375 0.32578125 0.1296875 0.18203125
13 0.75 0.465625 0.140625 0.184375
13 0.64609375 0.52421875 0.11953125 0.1859375
13 0.6609375 0.69453125 0.140625 0.171875
13 0.5390625 0.6875 0.12109375 0.1875
13 0.5234375 0.52734375 0.15078125 0.240625
13 0.52578125 0.328125 0.1328125 0.16328125
13 0.30390625 0.4015625 0.115625 0.1859375
13 0.3703125 0.51953125 0.10390625 0.13984375
13 0.35390625 0.678125 0.12578125 0.17421875