13 0.2796875 0.26328125 0.125 0.1703125
13 0.39453125 0.32890625 0.125 0.14375
13 0.446875 0.4234375 0.1234375 0.16875
13 0.4765625 0.56015625 0.1421875 0.1546875
13 0.51328125 0.67421875 0.10625 0.159375
13 0.46875 0.81015625 0.1125 0.1625
13 0.42734375 0.65625 0.1390625 0.203125
13 0.38203125 0.515625 0.1265625 0.190625
13 0.30625 0.39453125 0.134375 0.19375
13 0.2234375 0.428125 0.1203125 0.1625
13 0.1265625 0.4546875 0.121875 0.1671875
13 0.25390625 0.5671875 0.171875 0.2171875
13 0.3234375 0.6171875 0.1265625 0.1640625
13 0.234375 0.75625 0.1234375 0.15
13 0.36484375 0.75703125 0.1640625 0.1953125