13 0.33359375 0.22265625 0.0953125 0.15390625
13 0.43203125 0.3109375 0.1015625 0.125
13 0.4640625 0.4140625 0.09296875 0.153125
13 0.46484375 0.55390625 0.1171875 0.13359375
13 0.4765625 0.6734375 0.078125 0.146875
13 0.4046875 0.796875 0.0828125 0.1484375
13 0.396875 0.6375 0.10234375 0.1859375
13 0.38125 0.490625 0.0921875 0.175
13 0.3328125 0.35625 0.09921875 0.1765625
13 0.24453125 0.371875 0.0921875 0.146875
13 0.14375 0.378125 0.0921875 0.1515625
13 0.2453125 0.51484375 0.134375 0.19296875
13 0.303125 0.578125 0.0984375 0.146875
13 0.18671875 0.6953125 0.0984375 0.13203125
13 0.3140625 0.7234375 0.13046875 0.171875