13 0.34375 0.32578125 0.1 0.1296875
13 0.41171875 0.29140625 0.090625 0.1
13 0.49609375 0.27578125 0.0875 0.13125
13 0.5265625 0.19296875 0.090625 0.084375
13 0.69765625 0.446875 0.0671875 0.1265625
13 0.70546875 0.54375 0.08125 0.1140625
13 0.62109375 0.65703125 0.078125 0.1125
13 0.66953125 0.7203125 0.075 0.1109375
13 0.50859375 0.6671875 0.08125 0.11875
13 0.484375 0.5484375 0.096875 0.134375
13 0.5078125 0.37578125 0.06875 0.1046875
13 0.58671875 0.37109375 0.1 0.0921875
13 0.6265625 0.43359375 0.0765625 0.121875
13 0.3953125 0.478125 0.0828125 0.1421875
13 0.28671875 0.4859375 0.09375 0.1375
13 0.31796875 0.59296875 0.078125 0.1421875
13 0.3890625 0.64375 0.0953125 0.1390625
13 0.4140625 0.78046875 0.103125 0.1296875
13 0.48671875 0.828125 0.103125 0.1328125
13 0.56015625 0.73125 0.0953125 0.15625
13 0.59609375 0.58515625 0.0921875 0.1265625