13 0.35625 0.315625 0.09140625 0.12421875
13 0.4265625 0.2859375 0.084375 0.09375
13 0.51171875 0.27578125 0.0796875 0.12578125
13 0.54765625 0.1953125 0.08515625 0.07890625
13 0.70078125 0.4609375 0.059375 0.12265625
13 0.7015625 0.5578125 0.07421875 0.109375
13 0.61015625 0.66484375 0.07109375 0.10703125
13 0.65390625 0.73125 0.0671875 0.10703125
13 0.496875 0.6671875 0.0734375 0.1140625
13 0.48125 0.546875 0.08828125 0.128125
13 0.51640625 0.3765625 0.0625 0.10078125
13 0.5953125 0.37734375 0.09453125 0.08515625
13 0.63125 0.44296875 0.06796875 0.11796875
13 0.396875 0.47109375 0.07421875 0.13671875
13 0.28828125 0.47109375 0.084375 0.13125
13 0.31171875 0.5796875 0.06796875 0.13828125
13 0.37890625 0.6359375 0.08671875 0.1328125
13 0.39453125 0.7734375 0.0953125 0.12265625
13 0.4640625 0.8265625 0.09453125 0.12578125
13 0.54375 0.73515625 0.084375 0.15
13 0.58984375 0.59140625 0.08359375 0.12109375