3 0.26171875 0.10390625 0.1 0.1953125
3 0.16875 0.03828125 0.05625 0.05625
3 0.303125 0.0484375 0.0578125 0.0859375
3 0.1875 0.86953125 0.121875 0.25625
3 0.4078125 0.8140625 0.165625 0.328125
3 0.54375 0.821875 0.1109375 0.25625
3 0.50625 0.4921875 0.1 0.3109375
3 0.59375 0.68671875 0.1359375 0.2171875
3 0.496875 0.33671875 0.1390625 0.2421875
3 0.60625 0.43828125 0.0859375 0.1828125
3 0.47265625 0.65390625 0.0703125 0.19375
3 0.02109375 0.08828125 0.0421875 0.1453125
3 0.6265625 0.26796875 0.0984375 0.228125