3 0.140625 0.3578125 0.28125 0.31875
3 0.17109375 0.603125 0.3421875 0.475
3 0.340625 0.75234375 0.2671875 0.3875
3 0.51640625 0.765625 0.3609375 0.46875
3 0.76875 0.60078125 0.3390625 0.45625
3 0.6109375 0.634375 0.2296875 0.31875
3 0.384375 0.4578125 0.290625 0.4
3 0.30625 0.23359375 0.1890625 0.240625
3 0.43515625 0.16015625 0.3265625 0.3203125
3 0.5828125 0.375 0.3765625 0.4515625
3 0.69453125 0.35546875 0.2359375 0.2328125
3 0.73125 0.22109375 0.2640625 0.3375
3 0.5984375 0.1796875 0.1671875 0.2109375