3 0.27578125 0.09609375 0.09296875 0.1921875
3 0.18515625 0.02734375 0.0546875 0.05390625
3 0.31875 0.0421875 0.0546875 0.08359375
3 0.175 0.85859375 0.11328125 0.253125
3 0.396875 0.8109375 0.1546875 0.32265625
3 0.5328125 0.8234375 0.10234375 0.25234375
3 0.50625 0.4921875 0.08984375 0.3078125
3 0.5875 0.68984375 0.128125 0.2125
3 0.50234375 0.33671875 0.13046875 0.23828125
3 0.60859375 0.4421875 0.0796875 0.18046875
3 0.4671875 0.653125 0.0640625 0.1921875
3 0.02734375 0.071875 0.05390625 0.14375
3 0.634375 0.27265625 0.090625 0.225