3 0.25859375 0.33984375 0.0890625 0.140625
3 0.2140625 0.62109375 0.04375 0.06875
3 0.25625 0.64375 0.065625 0.0890625
3 0.26796875 0.7453125 0.046875 0.08125
3 0.1484375 0.8359375 0.075 0.0875
3 0.1546875 0.75703125 0.084375 0.0875
3 0.1875 0.7296875 0.084375 0.0921875
3 0.228125 0.70234375 0.053125 0.0734375
3 0.5828125 0.571875 0.071875 0.140625
3 0.56328125 0.68359375 0.065625 0.1
3 0.53515625 0.7640625 0.0921875 0.084375
3 0.49921875 0.92578125 0.0890625 0.08125
3 0.4765625 0.825 0.090625 0.1015625
3 0.52265625 0.8625 0.071875 0.0734375
3 0.0453125 0.2609375 0.0453125 0.09375
3 0.0796875 0.025 0.04375 0.05
3 0.0671875 0.1046875 0.04375 0.0796875
3 0.04375 0.48359375 0.0875 0.1515625
3 0.1640625 0.58359375 0.08125 0.0875
3 0.10390625 0.3 0.046875 0.0828125
3 0.4140625 0.57421875 0.0578125 0.1046875
3 0.65859375 0.77421875 0.1125 0.1421875
3 0.6765625 0.92421875 0.0828125 0.1421875
3 0.81484375 0.7953125 0.071875 0.1125
3 0.84375 0.7640625 0.08125 0.109375
3 0.871875 0.975 0.10625 0.05
3 0.92890625 0.88671875 0.0515625 0.0703125
3 0.03828125 0.90703125 0.0765625 0.0734375