3 0.2890625 0.19765625 0.1203125 0.1984375
3 0.3671875 0.17421875 0.121875 0.16875
3 0.24375 0.3984375 0.1453125 0.1515625
3 0.27109375 0.51328125 0.1265625 0.190625
3 0.14375 0.50546875 0.078125 0.0953125
3 0.053125 0.825 0.10625 0.134375
3 0.021875 0.84375 0.04375 0.134375
3 0.365625 0.8578125 0.1375 0.175
3 0.5390625 0.96484375 0.109375 0.0703125
3 0.54921875 0.88359375 0.096875 0.1046875
3 0.540625 0.54140625 0.1484375 0.178125
3 0.434375 0.4796875 0.1125 0.1703125
3 0.3328125 0.51953125 0.0703125 0.0828125
3 0.86640625 0.6421875 0.165625 0.2140625
3 0.765625 0.39453125 0.146875 0.2421875