3 0.1046875 0.35703125 0.1015625 0.2546875
3 0.103125 0.18828125 0.11796875 0.12421875
3 0.2 0.20546875 0.0765625 0.11640625
3 0.12890625 0.06171875 0.06328125 0.10234375
3 0.24140625 0.46796875 0.1296875 0.14765625
3 0.21796875 0.5625 0.10859375 0.1546875
3 0.21328125 0.75859375 0.0984375 0.17421875
3 0.2984375 0.790625 0.06953125 0.11875
3 0.31484375 0.64296875 0.06875 0.171875
3 0.38515625 0.60546875 0.05859375 0.1
3 0.40546875 0.5515625 0.11484375 0.0890625
3 0.3546875 0.7828125 0.0734375 0.1328125
3 0.471875 0.90234375 0.0796875 0.09609375
3 0.4109375 0.9 0.07734375 0.07109375
3 0.459375 0.965625 0.0875 0.06484375
3 0.74453125 0.93125 0.0703125 0.1140625
3 0.69140625 0.828125 0.096875 0.1171875
3 0.6484375 0.80703125 0.0640625 0.07421875
3 0.8234375 0.94453125 0.10546875 0.09921875
3 0.490625 0.2578125 0.13203125 0.3046875
3 0.5953125 0.12265625 0.12109375 0.221875
3 0.6578125 0.0671875 0.121875 0.134375
3 0.7453125 0.19609375 0.13984375 0.11484375
3 0.69140625 0.25 0.09765625 0.10546875
3 0.60234375 0.28125 0.178125 0.225
3 0.6671875 0.36640625 0.13515625 0.22734375
3 0.74921875 0.34375 0.18125 0.18125
3 0.8984375 0.425 0.1328125 0.2453125
3 0.8453125 0.50078125 0.09296875 0.146875
3 0.753125 0.45234375 0.0734375 0.15703125
3 0.6796875 0.44765625 0.07890625 0.20546875
3 0.740625 0.52890625 0.10859375 0.1765625
3 0.640625 0.49375 0.0890625 0.065625
3 0.74765625 0.70625 0.15234375 0.271875
3 0.84140625 0.71953125 0.11328125 0.16484375
3 0.94453125 0.72109375 0.07109375 0.08828125
3 0.971875 0.7203125 0.05390625 0.109375
3 0.75234375 0.93515625 0.0578125 0.10546875
3 0.0921875 0.028125 0.084375 0.05546875