3 0.8828125 0.64609375 0.19296875 0.3046875
3 0.8140625 0.41875 0.1859375 0.1984375
3 0.79609375 0.2359375 0.275 0.19921875
3 0.58828125 0.18984375 0.12265625 0.165625
3 0.634375 0.3578125 0.165625 0.2
3 0.6375 0.49296875 0.13828125 0.2296875
3 0.58359375 0.68125 0.25625 0.30859375
3 0.71875 0.59765625 0.234375 0.225
3 0.45 0.45859375 0.1078125 0.16640625
3 0.50546875 0.8015625 0.2328125 0.265625
3 0.3328125 0.66875 0.21484375 0.4109375
3 0.10390625 0.5296875 0.1546875 0.30078125
3 0.2046875 0.69140625 0.1140625 0.1890625
3 0.16640625 0.328125 0.146875 0.22734375
3 0.28671875 0.45703125 0.20390625 0.16953125
3 0.38046875 0.32265625 0.19140625 0.1609375
3 0.32421875 0.2390625 0.203125 0.13203125
3 0.5140625 0.31484375 0.10625 0.1109375
3 0.534375 0.4578125 0.12734375 0.2765625