3 0.221875 0.4484375 0.1609375 0.3171875
3 0.35859375 0.34765625 0.1703125 0.2203125
3 0.3703125 0.165625 0.190625 0.125
3 0.29921875 0.05546875 0.1390625 0.1109375
3 0.171875 0.08125 0.1921875 0.140625
3 0.06640625 0.16875 0.10625 0.265625
3 0.184375 0.2234375 0.15625 0.253125
3 0.4953125 0.59765625 0.1671875 0.353125
3 0.63125 0.60859375 0.1375 0.2015625
3 0.678125 0.4421875 0.2265625 0.3515625
3 0.83203125 0.36171875 0.190625 0.3109375
3 0.96015625 0.2984375 0.0796875 0.109375
3 0.8015625 0.73984375 0.1953125 0.3296875
3 0.92265625 0.709375 0.134375 0.209375