3 0.890625 0.584375 0.21875 0.33125
3 0.79765625 0.3703125 0.2140625 0.225
3 0.75078125 0.19296875 0.303125 0.2390625
3 0.5390625 0.1796875 0.146875 0.1828125
3 0.61015625 0.33828125 0.1953125 0.2234375
3 0.634375 0.471875 0.171875 0.2484375
3 0.6109375 0.665625 0.3015625 0.3453125
3 0.73125 0.5625 0.2671875 0.259375
3 0.44375 0.4671875 0.1328125 0.18125
3 0.55234375 0.796875 0.271875 0.2984375
3 0.3609375 0.69296875 0.2765625 0.4390625
3 0.11328125 0.59140625 0.2 0.321875
3 0.23828125 0.73515625 0.1421875 0.2046875
3 0.14375 0.3828125 0.18125 0.246875
3 0.2828125 0.490625 0.228125 0.2
3 0.35390625 0.34375 0.2140625 0.1890625
3 0.2859375 0.26953125 0.221875 0.1625
3 0.48515625 0.31484375 0.121875 0.1265625
3 0.52734375 0.453125 0.16875 0.29375