3 0.23828125 0.375 0.071875 0.13203125
3 0.23359375 0.659375 0.0359375 0.0640625
3 0.27890625 0.6765625 0.0546875 0.0828125
3 0.3046875 0.775 0.0359375 0.07734375
3 0.1984375 0.88125 0.06484375 0.07890625
3 0.19375 0.80234375 0.0734375 0.078125
3 0.22265625 0.77109375 0.0734375 0.08203125
3 0.25859375 0.73828125 0.04453125 0.06796875
3 0.5921875 0.559375 0.053125 0.134375
3 0.58828125 0.67265625 0.05390625 0.09296875
3 0.571875 0.75625 0.0828125 0.07421875
3 0.55859375 0.921875 0.0796875 0.0703125
3 0.521875 0.825 0.07890625 0.0921875
3 0.57265625 0.85546875 0.0640625 0.06484375
3 0.01640625 0.3265625 0.0328125 0.08984375
3 0.0578125 0.02734375 0.08125 0.0546875
3 0.01640625 0.07109375 0.0328125 0.08125
3 0.01640625 0.16875 0.0328125 0.07578125
3 0.040625 0.5484375 0.08125 0.1421875
3 0.17890625 0.6296875 0.07109375 0.078125
3 0.0796875 0.35703125 0.0359375 0.078125
3 0.425 0.58515625 0.04375 0.1
3 0.6953125 0.74921875 0.0953125 0.1296875
3 0.73359375 0.8953125 0.0640625 0.13515625
3 0.853125 0.7484375 0.0578125 0.10546875
3 0.87734375 0.71328125 0.0671875 0.1015625
3 0.9390625 0.9484375 0.09296875 0.0984375
3 0.97890625 0.8234375 0.0421875 0.065625
3 0.096875 0.96796875 0.07421875 0.0640625