3 0.25859375 0.22109375 0.1015625 0.1890625
3 0.33359375 0.18984375 0.10625 0.15859375
3 0.234375 0.42578125 0.13125 0.13828125
3 0.2734375 0.5375 0.10859375 0.1796875
3 0.14609375 0.54296875 0.06953125 0.08828125
3 0.07890625 0.87109375 0.11640625 0.1234375
3 0.03984375 0.89375 0.0734375 0.12734375
3 0.40390625 0.86953125 0.1203125 0.16328125
3 0.5890625 0.9640625 0.103125 0.071875
3 0.5890625 0.8765625 0.08671875 0.096875
3 0.54453125 0.53671875 0.13125 0.16484375
3 0.4328125 0.48671875 0.09609375 0.16171875
3 0.3359375 0.53671875 0.06328125 0.0765625
3 0.87890625 0.603125 0.1453125 0.2
3 0.753125 0.3671875 0.1234375 0.23046875