3 0.11640625 0.44375 0.2296875 0.2734375
3 0.20078125 0.67578125 0.25859375 0.42734375
3 0.4015625 0.78203125 0.1921875 0.35390625
3 0.58046875 0.77109375 0.265625 0.45390625
3 0.784375 0.5375 0.25390625 0.409375
3 0.63828125 0.60625 0.16875 0.2875
3 0.378125 0.48515625 0.2140625 0.36171875
3 0.2515625 0.28359375 0.14453125 0.2140625
3 0.35625 0.1640625 0.26328125 0.31015625
3 0.55234375 0.359375 0.29453125 0.39609375
3 0.65703125 0.315625 0.196875 0.19296875
3 0.6625 0.1765625 0.2015625 0.3
3 0.52421875 0.165625 0.12890625 0.18671875