3 0.13203125 0.5484375 0.06796875 0.1390625
3 0.075 0.596875 0.0984375 0.13515625
3 0.1515625 0.62734375 0.08125 0.1265625
3 0.31796875 0.5921875 0.109375 0.17421875
3 0.41640625 0.55546875 0.08671875 0.13125
3 0.34453125 0.509375 0.0953125 0.1765625
3 0.19140625 0.87578125 0.0703125 0.18046875
3 0.25 0.875 0.0640625 0.12265625
3 0.2734375 0.93828125 0.0484375 0.11484375
3 0.54453125 0.590625 0.08203125 0.209375
3 0.61484375 0.58671875 0.0484375 0.21484375
3 0.65390625 0.5765625 0.05703125 0.16328125
3 0.54375 0.44765625 0.05703125 0.0984375
3 0.6640625 0.75234375 0.0828125 0.2203125
3 0.6703125 0.834375 0.0875 0.21953125
3 0.74140625 0.89296875 0.07421875 0.20078125