3 0.21875 0.46796875 0.13984375 0.30859375
3 0.3484375 0.3578125 0.15625 0.21015625
3 0.34765625 0.17578125 0.1828125 0.11328125
3 0.26875 0.06328125 0.13203125 0.115625
3 0.14375 0.10546875 0.184375 0.12734375
3 0.04453125 0.2 0.0890625 0.259375
3 0.165625 0.24609375 0.1390625 0.24375
3 0.50234375 0.59765625 0.14375 0.34375
3 0.63828125 0.59921875 0.125 0.19296875
3 0.6734375 0.4296875 0.203125 0.3375
3 0.821875 0.3390625 0.16953125 0.29921875
3 0.9515625 0.2671875 0.08359375 0.10390625
3 0.8171875 0.71796875 0.1734375 0.31875
3 0.9359375 0.6796875 0.12109375 0.2015625