3 0.1390625 0.58671875 0.0828125 0.1453125
3 0.0875 0.640625 0.1125 0.1453125
3 0.16640625 0.66328125 0.09375 0.134375
3 0.32890625 0.6109375 0.1265625 0.184375
3 0.42265625 0.5640625 0.1 0.1390625
3 0.34609375 0.52578125 0.1125 0.1859375
3 0.23203125 0.90625 0.0890625 0.1875
3 0.290625 0.89921875 0.0765625 0.128125
3 0.31953125 0.95 0.0609375 0.1
3 0.55390625 0.58515625 0.103125 0.2171875
3 0.6234375 0.57421875 0.0703125 0.21875
3 0.6609375 0.56015625 0.0734375 0.16875
3 0.53828125 0.44375 0.0671875 0.103125
3 0.68984375 0.73359375 0.1046875 0.228125
3 0.7046875 0.81484375 0.109375 0.228125
3 0.78125 0.865625 0.0953125 0.2078125