6 0.78046875 0.34921875 0.2984375 0.4359375
6 0.8703125 0.1125 0.23125 0.225
6 0.40390625 0.3796875 0.209375 0.2359375
6 0.57734375 0.68984375 0.2046875 0.2921875
6 0.25625 0.875 0.259375 0.25
6 0.2234375 0.4125 0.19375 0.271875
6 0.21640625 0.6625 0.2421875 0.321875
6 0.353125 0.66953125 0.165625 0.35
6 0.565625 0.4234375 0.2546875 0.315625
6 0.275 0.2125 0.21875 0.2703125
6 0.875 0.8375 0.25 0.296875
6 0.596875 0.134375 0.2453125 0.2265625
6 0.728125 0.89296875 0.2171875 0.2015625
6 0.21328125 0.11484375 0.16875 0.2078125
6 0.34765625 0.06640625 0.2 0.128125