6 0.78828125 0.3640625 0.27734375 0.421875
6 0.890625 0.1203125 0.21875 0.240625
6 0.41015625 0.375 0.1984375 0.22578125
6 0.5671875 0.69375 0.18984375 0.2828125
6 0.23671875 0.871875 0.24609375 0.25546875
6 0.228125 0.3984375 0.1796875 0.2625
6 0.20859375 0.64765625 0.22578125 0.31015625
6 0.34453125 0.66171875 0.1484375 0.3421875
6 0.56953125 0.42734375 0.2390625 0.303125
6 0.290625 0.20078125 0.20546875 0.26015625
6 0.86953125 0.8578125 0.2609375 0.284375
6 0.615625 0.13984375 0.23515625 0.21484375
6 0.70703125 0.9046875 0.2078125 0.190625
6 0.23359375 0.1 0.15859375 0.2
6 0.3703125 0.059375 0.19375 0.11875