5 0.31796875 0.590625 0.2140625 0.221875
5 0.4328125 0.521875 0.1390625 0.2140625
5 0.5046875 0.27421875 0.146875 0.1875
5 0.6953125 0.40546875 0.1703125 0.2296875
5 0.91015625 0.515625 0.1796875 0.240625
5 0.8984375 0.7125 0.203125 0.28125
5 0.759375 0.6 0.1875 0.203125
5 0.6921875 0.809375 0.1453125 0.228125
5 0.81484375 0.86328125 0.2234375 0.190625
5 0.46640625 0.78515625 0.2046875 0.2296875
5 0.58515625 0.715625 0.2015625 0.2
5 0.534375 0.55546875 0.215625 0.215625
5 0.303125 0.32265625 0.1390625 0.1828125
5 0.3859375 0.8375 0.21875 0.225
5 0.53046875 0.93515625 0.1265625 0.1296875
5 0.57109375 0.13203125 0.165625 0.2078125
5 0.73359375 0.19375 0.203125 0.1578125
5 0.8375 0.33984375 0.1921875 0.21875