5 0.30234375 0.54765625 0.1765625 0.1875
5 0.4296875 0.50625 0.09765625 0.196875
5 0.55546875 0.28125 0.11328125 0.165625
5 0.71171875 0.4515625 0.128125 0.20546875
5 0.91328125 0.6125 0.17265625 0.2078125
5 0.85546875 0.80078125 0.184375 0.2453125
5 0.73046875 0.65546875 0.15234375 0.1734375
5 0.61796875 0.84453125 0.10078125 0.2109375
5 0.725 0.925 0.19453125 0.15
5 0.403125 0.7703125 0.16484375 0.19765625
5 0.534375 0.72890625 0.16796875 0.16640625
5 0.52109375 0.56171875 0.17890625 0.18046875
5 0.3484375 0.2828125 0.10546875 0.16328125
5 0.31328125 0.803125 0.18125 0.1890625
5 0.43046875 0.93828125 0.1015625 0.1234375
5 0.65234375 0.1578125 0.128125 0.18359375
5 0.796875 0.25390625 0.18125 0.11953125
5 0.86484375 0.41953125 0.153125 0.1890625