5 0.7640625 0.34453125 0.10859375 0.16484375
5 0.515625 0.353125 0.12109375 0.21328125
5 0.64453125 0.37421875 0.09375 0.17421875
5 0.73125 0.57734375 0.1375 0.18984375
5 0.859375 0.6484375 0.1453125 0.19609375
5 0.396875 0.63046875 0.1015625 0.17421875
5 0.5734375 0.6625 0.13359375 0.2234375
5 0.67890625 0.81484375 0.10859375 0.14296875
5 0.396875 0.26171875 0.13828125 0.2
5 0.57421875 0.08203125 0.11484375 0.14921875
5 0.83125 0.24609375 0.121875 0.20546875
5 0.9296875 0.32421875 0.1140625 0.14296875
5 0.825 0.48125 0.14609375 0.203125
5 0.38515625 0.86796875 0.1078125 0.19296875
5 0.15390625 0.76875 0.12578125 0.17734375
5 0.08828125 0.5875 0.14296875 0.1375
5 0.07734375 0.3 0.090625 0.1671875
5 0.16328125 0.075 0.1484375 0.146875
5 0.390625 0.103125 0.1140625 0.1421875
5 0.546875 0.88515625 0.1234375 0.2203125
5 0.81015625 0.8609375 0.146875 0.26640625
5 0.690625 0.115625 0.15625 0.125