5 0.77421875 0.36328125 0.1203125 0.171875
5 0.52578125 0.3546875 0.1359375 0.221875
5 0.653125 0.384375 0.10625 0.1796875
5 0.725 0.59296875 0.15 0.1984375
5 0.8484375 0.6734375 0.159375 0.20625
5 0.38828125 0.62265625 0.1140625 0.18125
5 0.56171875 0.6671875 0.1484375 0.2328125
5 0.65625 0.8265625 0.11875 0.15
5 0.4140625 0.25546875 0.1515625 0.209375
5 0.603125 0.08828125 0.125 0.15625
5 0.8484375 0.26953125 0.1359375 0.2140625
5 0.9390625 0.3546875 0.121875 0.15
5 0.82578125 0.50390625 0.159375 0.2125
5 0.36015625 0.859375 0.1203125 0.2
5 0.1359375 0.74375 0.1375 0.1859375
5 0.0828125 0.55859375 0.1515625 0.146875
5 0.0921875 0.27109375 0.1015625 0.1734375
5 0.19296875 0.06484375 0.1578125 0.1296875
5 0.41875 0.09609375 0.1234375 0.15
5 0.51953125 0.88671875 0.1390625 0.2265625
5 0.784375 0.871875 0.165625 0.25625
5 0.7171875 0.1296875 0.1640625 0.1359375