5 0.55859375 0.3234375 0.0953125 0.221875
5 0.24453125 0.43828125 0.153125 0.25
5 0.22265625 0.565625 0.1296875 0.165625
5 0.22265625 0.734375 0.1 0.209375
5 0.10078125 0.6453125 0.175 0.215625
5 0.26953125 0.82734375 0.153125 0.2421875
5 0.40234375 0.5140625 0.2203125 0.3078125
5 0.51640625 0.4625 0.1296875 0.2453125
5 0.63125 0.4375 0.140625 0.19375
5 0.634375 0.54609375 0.2375 0.3265625
5 0.6546875 0.2484375 0.175 0.2984375
5 0.46484375 0.2265625 0.1921875 0.3015625
5 0.36484375 0.2453125 0.2015625 0.275
5 0.23125 0.23046875 0.15 0.2265625
5 0.315625 0.6875 0.1359375 0.171875