5 0.55546875 0.32265625 0.09140625 0.2203125
5 0.24375 0.44296875 0.1484375 0.24765625
5 0.22421875 0.5703125 0.1265625 0.16328125
5 0.2265625 0.7390625 0.09609375 0.20703125
5 0.103125 0.65234375 0.17109375 0.2125
5 0.275 0.83125 0.1484375 0.23984375
5 0.40234375 0.515625 0.215625 0.30390625
5 0.515625 0.4625 0.12578125 0.24375
5 0.63046875 0.43515625 0.13671875 0.190625
5 0.63515625 0.54375 0.23125 0.321875
5 0.65 0.24609375 0.1703125 0.2953125
5 0.46015625 0.22734375 0.18671875 0.29765625
5 0.36015625 0.24765625 0.196875 0.27109375
5 0.2265625 0.23515625 0.146875 0.22421875
5 0.31875 0.690625 0.1328125 0.1703125