5 0.41953125 0.303125 0.23125 0.3515625
5 0.45859375 0.603125 0.175 0.271875
5 0.79296875 0.553125 0.309375 0.39375
5 0.8171875 0.81484375 0.275 0.3703125
5 0.64296875 0.8109375 0.2234375 0.2890625
5 0.63125 0.5078125 0.19375 0.3421875
5 0.84921875 0.18984375 0.2046875 0.2828125
5 0.65078125 0.21328125 0.23125 0.3765625
5 0.14921875 0.34296875 0.2625 0.35
5 0.10859375 0.71171875 0.2171875 0.3328125
5 0.2703125 0.83671875 0.265625 0.2890625
5 0.509375 0.76796875 0.203125 0.2421875
5 0.36484375 0.08203125 0.2171875 0.1640625