5 0.38359375 0.321875 0.17265625 0.32421875
5 0.47890625 0.609375 0.1296875 0.25234375
5 0.79765625 0.49609375 0.24609375 0.353125
5 0.8734375 0.76015625 0.21015625 0.36015625
5 0.7 0.778125 0.1765625 0.2609375
5 0.63046875 0.4828125 0.13515625 0.32265625
5 0.78359375 0.12890625 0.1578125 0.2578125
5 0.59296875 0.18984375 0.16796875 0.3515625
5 0.12578125 0.4125 0.20625 0.31640625
5 0.146875 0.78515625 0.1828125 0.303125
5 0.3390625 0.87421875 0.221875 0.2515625
5 0.56015625 0.7609375 0.165625 0.21484375
5 0.2828125 0.09140625 0.1859375 0.18203125