4 0.48125 0.359375 0.1015625 0.2
4 0.62265625 0.284375 0.1015625 0.175
4 0.6515625 0.42421875 0.11875 0.2296875
4 0.78828125 0.51953125 0.1484375 0.271875
4 0.8 0.70703125 0.128125 0.2171875
4 0.93203125 0.4984375 0.1359375 0.246875
4 0.9671875 0.3203125 0.065625 0.259375
4 0.86484375 0.415625 0.1046875 0.18125
4 0.81484375 0.27734375 0.115625 0.2046875
4 0.665625 0.18125 0.1125 0.1640625
4 0.4765625 0.1328125 0.134375 0.2546875
4 0.5015625 0.21328125 0.0953125 0.1859375
4 0.565625 0.2734375 0.08125 0.1453125
4 0.71875 0.45703125 0.084375 0.1546875
4 0.51484375 0.6171875 0.1203125 0.2171875
4 0.3734375 0.8734375 0.121875 0.225
4 0.2703125 0.8515625 0.15 0.225
4 0.3796875 0.20390625 0.09375 0.15625
4 0.28046875 0.22109375 0.08125 0.1546875
4 0.26796875 0.47265625 0.0921875 0.13125
4 0.21640625 0.5140625 0.0890625 0.1578125
4 0.0734375 0.453125 0.09375 0.1328125
4 0.046875 0.6 0.0765625 0.146875
4 0.19609375 0.134375 0.0984375 0.190625