4 0.44765625 0.36796875 0.05703125 0.19140625
4 0.56640625 0.2609375 0.0640625 0.16484375
4 0.62890625 0.38984375 0.06796875 0.21953125
4 0.784375 0.44921875 0.08828125 0.25859375
4 0.84140625 0.628125 0.08125 0.20390625
4 0.92109375 0.39375 0.084375 0.23359375
4 0.9515625 0.20234375 0.09453125 0.24453125
4 0.83359375 0.3296875 0.065625 0.1703125
4 0.7515625 0.2078125 0.07109375 0.19375
4 0.58359375 0.15078125 0.078125 0.15
4 0.38828125 0.14921875 0.07890625 0.2421875
4 0.43203125 0.22109375 0.053125 0.178125
4 0.50859375 0.2640625 0.04921875 0.1375
4 0.7015625 0.40546875 0.05 0.14765625
4 0.54296875 0.61015625 0.07265625 0.20625
4 0.4671875 0.89296875 0.071875 0.2140625
4 0.3625 0.896875 0.10390625 0.20625
4 0.31171875 0.2421875 0.0609375 0.14609375
4 0.21953125 0.2828125 0.046875 0.14765625
4 0.26796875 0.5296875 0.06484375 0.11953125
4 0.228125 0.58203125 0.05390625 0.15
4 0.075 0.5578125 0.0671875 0.11953125
4 0.084375 0.70703125 0.04375 0.140625
4 0.11640625 0.21875 0.05546875 0.1828125