4 0.20234375 0.4671875 0.09765625 0.6296875
4 0.02421875 0.21328125 0.0484375 0.42109375
4 0.8234375 0.8109375 0.08046875 0.378125
4 0.69765625 0.846875 0.096875 0.30625
4 0.60234375 0.71953125 0.078125 0.4984375
4 0.571875 0.2421875 0.07421875 0.45234375
4 0.509375 0.46640625 0.08828125 0.75859375
4 0.475 0.64296875 0.08828125 0.54140625
4 0.40390625 0.86328125 0.08515625 0.2734375
4 0.340625 0.7578125 0.078125 0.3296875
4 0.40078125 0.41640625 0.09375 0.453125
4 0.29609375 0.3078125 0.06328125 0.32890625
4 0.3296875 0.07734375 0.053125 0.1546875
4 0.69375 0.3609375 0.0671875 0.4140625
4 0.79921875 0.38515625 0.0625 0.4265625
4 0.84453125 0.18515625 0.05078125 0.25703125
4 0.86875 0.5796875 0.06796875 0.596875
4 0.9140625 0.74765625 0.07109375 0.48203125