4 0.2171875 0.40078125 0.2375 0.6359375
4 0.10078125 0.16171875 0.1421875 0.3234375
4 0.74453125 0.84140625 0.1640625 0.3171875
4 0.61484375 0.8609375 0.1640625 0.278125
4 0.55 0.73671875 0.1875 0.503125
4 0.628125 0.26484375 0.1734375 0.4578125
4 0.51640625 0.46953125 0.25625 0.759375
4 0.44375 0.63359375 0.2078125 0.546875
4 0.325 0.83203125 0.14375 0.2859375
4 0.28671875 0.715625 0.15 0.3390625
4 0.421875 0.39609375 0.19375 0.4625
4 0.34453125 0.2671875 0.1359375 0.334375
4 0.42890625 0.065625 0.0859375 0.13125
4 0.7203125 0.4078125 0.159375 0.41875
4 0.8171875 0.45546875 0.15625 0.4296875
4 0.90625 0.27109375 0.1078125 0.2625
4 0.84140625 0.6609375 0.2 0.596875
4 0.846875 0.7953125 0.178125 0.409375