4 0.4578125 0.22578125 0.07109375 0.21015625
4 0.5828125 0.27421875 0.11015625 0.24921875
4 0.715625 0.13203125 0.0671875 0.2453125
4 0.8734375 0.15546875 0.1 0.21640625
4 0.71328125 0.39375 0.0625 0.2203125
4 0.79609375 0.57109375 0.06796875 0.16484375
4 0.815625 0.69296875 0.05859375 0.16796875
4 0.865625 0.65703125 0.0484375 0.18203125
4 0.91953125 0.6703125 0.06484375 0.1671875
4 0.9203125 0.88671875 0.07265625 0.16796875
4 0.859375 0.3546875 0.0515625 0.1953125
4 0.64765625 0.5140625 0.06796875 0.2296875
4 0.5421875 0.5875 0.0875 0.17109375
4 0.253125 0.45703125 0.0875 0.2265625
4 0.21171875 0.753125 0.08203125 0.2
4 0.053125 0.72109375 0.08515625 0.196875
4 0.14921875 0.76484375 0.075 0.16953125
4 0.26953125 0.75546875 0.1140625 0.17734375
4 0.09296875 0.48984375 0.09375 0.225