4 0.53046875 0.22421875 0.1234375 0.221875
4 0.63828125 0.303125 0.1703125 0.26875
4 0.803125 0.2 0.128125 0.2546875
4 0.93671875 0.2640625 0.1265625 0.234375
4 0.73359375 0.45234375 0.1171875 0.2296875
4 0.76796875 0.6453125 0.1078125 0.1765625
4 0.7546875 0.76796875 0.1 0.178125
4 0.8125 0.74609375 0.09375 0.1890625
4 0.8609375 0.7734375 0.10625 0.178125
4 0.80546875 0.9453125 0.1140625 0.109375
4 0.884375 0.45234375 0.1 0.2015625
4 0.6390625 0.5515625 0.125 0.2390625
4 0.51796875 0.5953125 0.128125 0.1875
4 0.27265625 0.39453125 0.14375 0.2421875
4 0.15625 0.66953125 0.13125 0.2140625
4 0.03828125 0.596875 0.0765625 0.2125
4 0.09296875 0.66484375 0.115625 0.1828125
4 0.2109375 0.6875 0.15625 0.2015625
4 0.109375 0.38515625 0.1484375 0.2421875