4 0.47578125 0.378125 0.05546875 0.353125
4 0.70390625 0.2671875 0.0734375 0.2609375
4 0.78828125 0.3953125 0.0640625 0.2671875
4 0.58515625 0.75859375 0.0765625 0.321875
4 0.7828125 0.871875 0.08984375 0.2515625
4 0.9640625 0.73125 0.06640625 0.20703125
4 0.8875 0.41484375 0.0515625 0.23203125
4 0.56796875 0.4328125 0.05546875 0.2671875
4 0.5109375 0.53671875 0.06796875 0.23984375
4 0.48125 0.72421875 0.0828125 0.3171875
4 0.35390625 0.62578125 0.090625 0.209375
4 0.4078125 0.5921875 0.06484375 0.20703125
4 0.29453125 0.74921875 0.08203125 0.21484375
4 0.2578125 0.5546875 0.04921875 0.2421875
4 0.41171875 0.24921875 0.06015625 0.2234375
4 0.05703125 0.45703125 0.0703125 0.25546875
4 0.13828125 0.9296875 0.08359375 0.140625
4 0.19375 0.65625 0.059375 0.315625
4 0.2546875 0.12890625 0.084375 0.2578125
4 0.70625 0.53984375 0.06015625 0.25546875