4 0.46328125 0.38125 0.0921875 0.35625
4 0.678125 0.246875 0.1 0.2671875
4 0.77578125 0.365625 0.0921875 0.271875
4 0.61171875 0.7484375 0.109375 0.328125
4 0.8203125 0.840625 0.115625 0.259375
4 0.97109375 0.68125 0.0578125 0.2125
4 0.8765625 0.375 0.075 0.2359375
4 0.5609375 0.42578125 0.0828125 0.271875
4 0.51484375 0.53515625 0.0921875 0.2453125
4 0.5046875 0.725 0.115625 0.3234375
4 0.36796875 0.640625 0.1125 0.2171875
4 0.41796875 0.6015625 0.0859375 0.2125
4 0.321875 0.76953125 0.1046875 0.221875
4 0.26484375 0.5796875 0.075 0.2453125
4 0.3859375 0.26015625 0.0828125 0.228125
4 0.0546875 0.50390625 0.096875 0.2609375
4 0.18515625 0.9453125 0.0984375 0.109375
4 0.21171875 0.6875 0.0921875 0.3203125
4 0.2171875 0.15625 0.1109375 0.265625
4 0.709375 0.51796875 0.0859375 0.2609375