4 0.45859375 0.3671875 0.0875 0.2546875
4 0.36484375 0.31796875 0.1015625 0.35
4 0.40703125 0.36328125 0.115625 0.3140625
4 0.87734375 0.41171875 0.096875 0.4140625
4 0.11640625 0.71015625 0.09375 0.28125
4 0.1390625 0.890625 0.0875 0.21875
4 0.16015625 0.3828125 0.078125 0.2703125
4 0.30859375 0.7328125 0.0953125 0.2953125
4 0.58828125 0.42421875 0.071875 0.2859375
4 0.64296875 0.77578125 0.1140625 0.40625
4 0.25703125 0.3421875 0.0734375 0.2328125
4 0.08046875 0.4484375 0.08125 0.2484375
4 0.04921875 0.6171875 0.0984375 0.48125
4 0.31328125 0.47890625 0.0984375 0.3328125
4 0.64296875 0.41171875 0.075 0.3015625
4 0.73046875 0.64375 0.0765625 0.275
4 0.7625 0.84765625 0.06875 0.2421875
4 0.95859375 0.83203125 0.0828125 0.2328125
4 0.95234375 0.5171875 0.0953125 0.340625
4 0.83515625 0.68203125 0.096875 0.3796875