4 0.3734375 0.56640625 0.05703125 0.29140625
4 0.41875 0.78046875 0.05703125 0.29609375
4 0.56015625 0.6140625 0.07109375 0.3890625
4 0.67265625 0.73515625 0.0671875 0.3421875
4 0.83515625 0.8171875 0.08046875 0.21484375
4 0.21015625 0.6984375 0.08984375 0.31015625
4 0.19453125 0.30390625 0.065625 0.40234375
4 0.25234375 0.33046875 0.06484375 0.32734375
4 0.3125 0.35546875 0.06171875 0.3140625
4 0.11328125 0.47421875 0.071875 0.3484375
4 0.0359375 0.3015625 0.071875 0.37421875
4 0.7296875 0.415625 0.06328125 0.32109375
4 0.80859375 0.46796875 0.046875 0.259375
4 0.8734375 0.5296875 0.053125 0.2578125
4 0.5875 0.2734375 0.05859375 0.26640625
4 0.528125 0.23046875 0.06875 0.4609375
4 0.63203125 0.3171875 0.05859375 0.34609375
4 0.675 0.4484375 0.059375 0.14296875
4 0.40703125 0.44453125 0.0609375 0.2125