4 0.3828125 0.58125 0.0921875 0.296875
4 0.45390625 0.78828125 0.0921875 0.3015625
4 0.5734375 0.60625 0.11875 0.3953125
4 0.7 0.7125 0.1078125 0.3484375
4 0.87109375 0.77421875 0.10625 0.2234375
4 0.23671875 0.73203125 0.1265625 0.31875
4 0.17265625 0.34296875 0.1140625 0.4078125
4 0.23359375 0.36171875 0.1046875 0.3328125
4 0.29609375 0.3796875 0.1 0.31875
4 0.11328125 0.521875 0.1140625 0.3546875
4 0.03671875 0.35859375 0.0734375 0.3796875
4 0.71796875 0.38828125 0.1015625 0.3265625
4 0.80234375 0.43046875 0.078125 0.2625
4 0.87421875 0.48359375 0.084375 0.2625
4 0.559375 0.26484375 0.090625 0.271875
4 0.4953125 0.23046875 0.125 0.4609375
4 0.60859375 0.30234375 0.1 0.35
4 0.6671875 0.42734375 0.0765625 0.1484375
4 0.40078125 0.45625 0.0859375 0.21875