4 0.475 0.36328125 0.0578125 0.24921875
4 0.38828125 0.303125 0.059375 0.3453125
4 0.42421875 0.353125 0.07890625 0.30703125
4 0.88515625 0.45859375 0.046875 0.41171875
4 0.09375 0.66171875 0.0609375 0.27578125
4 0.09140625 0.86875 0.05546875 0.2625
4 0.17734375 0.3421875 0.04609375 0.26640625
4 0.28203125 0.7078125 0.06015625 0.28984375
4 0.596875 0.4359375 0.03828125 0.2828125
4 0.60859375 0.79140625 0.065625 0.40078125
4 0.278125 0.3140625 0.04609375 0.2296875
4 0.08984375 0.39765625 0.05234375 0.24375
4 0.0328125 0.56171875 0.05234375 0.47890625
4 0.3171875 0.45625 0.059375 0.32734375
4 0.65234375 0.4296875 0.03828125 0.2984375
4 0.7109375 0.67109375 0.04453125 0.271875
4 0.71796875 0.87734375 0.03984375 0.23984375
4 0.92421875 0.8875 0.0734375 0.225
4 0.953125 0.57265625 0.065625 0.334375
4 0.81015625 0.72109375 0.05078125 0.37578125