4 0.20234375 0.41328125 0.071875 0.1609375
4 0.2625 0.484375 0.06015625 0.1390625
4 0.18203125 0.5546875 0.06875 0.17265625
4 0.18203125 0.64609375 0.05390625 0.08359375
4 0.371875 0.6140625 0.078125 0.1796875
4 0.796875 0.5 0.06953125 0.2640625
4 0.64609375 0.428125 0.059375 0.165625
4 0.67109375 0.2015625 0.06015625 0.1625
4 0.5703125 0.31015625 0.06171875 0.13828125
4 0.6125 0.371875 0.0578125 0.14609375
4 0.41875 0.41953125 0.0515625 0.14375
4 0.42421875 0.284375 0.0453125 0.13984375
4 0.46875 0.371875 0.04609375 0.10078125