4 0.196875 0.434375 0.0828125 0.165625
4 0.26171875 0.50078125 0.0703125 0.1421875
4 0.18671875 0.5765625 0.08125 0.1765625
4 0.19296875 0.66796875 0.059375 0.0875
4 0.38046875 0.62265625 0.090625 0.184375
4 0.79609375 0.47890625 0.0875 0.26875
4 0.640625 0.41796875 0.0703125 0.16875
4 0.65 0.190625 0.071875 0.165625
4 0.55703125 0.30546875 0.071875 0.1421875
4 0.603125 0.3640625 0.0671875 0.15
4 0.41328125 0.42578125 0.0609375 0.146875
4 0.409375 0.28984375 0.0546875 0.1421875
4 0.46015625 0.37421875 0.053125 0.103125