4 0.059375 0.51953125 0.071875 0.203125
4 0.30390625 0.45859375 0.06875 0.2
4 0.26484375 0.5546875 0.08125 0.1984375
4 0.26953125 0.8484375 0.1015625 0.275
4 0.3671875 0.603125 0.065625 0.1828125
4 0.34609375 0.6921875 0.0703125 0.146875
4 0.471875 0.625 0.0671875 0.1640625
4 0.42578125 0.534375 0.053125 0.1578125
4 0.4375 0.4328125 0.065625 0.1671875
4 0.51640625 0.54453125 0.0796875 0.209375
4 0.0953125 0.3515625 0.0859375 0.1890625
4 0.18125 0.528125 0.065625 0.1515625
4 0.18125 0.76640625 0.0703125 0.1953125
4 0.35859375 0.85703125 0.0515625 0.1234375
4 0.51328125 0.82734375 0.065625 0.1765625
4 0.565625 0.79296875 0.0828125 0.2125
4 0.7640625 0.88515625 0.084375 0.190625
4 0.94453125 0.85546875 0.096875 0.2078125
4 0.9640625 0.440625 0.053125 0.1765625
4 0.76953125 0.4546875 0.0765625 0.1625
4 0.7421875 0.36640625 0.0828125 0.215625
4 0.68671875 0.3640625 0.0765625 0.1453125
4 0.6953125 0.5421875 0.0671875 0.171875
4 0.74921875 0.62265625 0.065625 0.171875
4 0.59765625 0.5953125 0.0734375 0.165625
4 0.6625 0.65546875 0.0625 0.1828125
4 0.38046875 0.3234375 0.05625 0.184375
4 0.40625 0.375 0.0609375 0.1625
4 0.26875 0.25703125 0.0703125 0.153125
4 0.34296875 0.23359375 0.05625 0.15625