4 0.059375 0.48125 0.05546875 0.19921875
4 0.30859375 0.44140625 0.05234375 0.19609375
4 0.2609375 0.53359375 0.0640625 0.19296875
4 0.23984375 0.82734375 0.078125 0.26875
4 0.35859375 0.59140625 0.05078125 0.17890625
4 0.3296875 0.678125 0.05859375 0.14296875
4 0.4609375 0.621875 0.053125 0.16015625
4 0.42265625 0.528125 0.0390625 0.1546875
4 0.44375 0.42734375 0.0515625 0.16328125
4 0.5125 0.54609375 0.0625 0.2046875
4 0.109375 0.3171875 0.0703125 0.184375
4 0.1796875 0.5 0.053125 0.14765625
4 0.159375 0.7375 0.05390625 0.19140625
4 0.328125 0.84296875 0.04140625 0.1203125
4 0.484375 0.82734375 0.05 0.1734375
4 0.53984375 0.79765625 0.065625 0.2078125
4 0.7296875 0.90703125 0.06875 0.1859375
4 0.91171875 0.89296875 0.0796875 0.20234375
4 0.9671875 0.48125 0.03828125 0.1734375
4 0.77265625 0.478125 0.0625 0.1578125
4 0.753125 0.38828125 0.06484375 0.21015625
4 0.69765625 0.38046875 0.0640625 0.140625
4 0.690625 0.559375 0.05234375 0.16796875
4 0.7375 0.64375 0.05078125 0.16875
4 0.5890625 0.603125 0.06015625 0.16171875
4 0.6484375 0.66875 0.04765625 0.1796875
4 0.39609375 0.3140625 0.03984375 0.18125
4 0.4171875 0.3671875 0.046875 0.159375
4 0.290625 0.2375 0.0578125 0.1484375
4 0.36640625 0.22109375 0.04375 0.15234375