4 0.54296875 0.428125 0.221875 0.328125
4 0.2375 0.478125 0.178125 0.25625
4 0.7328125 0.8765625 0.184375 0.2015625
4 0.51328125 0.81796875 0.125 0.1546875
4 0.8390625 0.3546875 0.1625 0.25
4 0.690625 0.0234375 0.134375 0.046875
4 0.26953125 0.103125 0.1421875 0.153125
4 0.21640625 0.67734375 0.1078125 0.1125
4 0.30078125 0.6484375 0.0734375 0.084375
4 0.9171875 0.77890625 0.0734375 0.0734375
4 0.56328125 0.6453125 0.071875 0.090625
4 0.70234375 0.14375 0.0484375 0.071875
4 0.65078125 0.2453125 0.071875 0.0984375
4 0.43203125 0.96796875 0.1015625 0.0640625