4 0.38046875 0.728125 0.07421875 0.54375
4 0.3234375 0.69921875 0.0234375 0.41484375
4 0.071875 0.64453125 0.04375 0.44765625
4 0.02890625 0.80234375 0.0578125 0.3953125
4 0.08359375 0.21875 0.0765625 0.4375
4 0.2671875 0.1609375 0.0875 0.32109375
4 0.1859375 0.16953125 0.0921875 0.3390625
4 0.34296875 0.14453125 0.065625 0.2890625
4 0.4984375 0.60625 0.08671875 0.66328125
4 0.6140625 0.471875 0.134375 0.4453125
4 0.50234375 0.11875 0.10390625 0.2375
4 0.603125 0.1265625 0.06875 0.253125
4 0.7703125 0.58515625 0.10703125 0.8296875
4 0.92734375 0.33515625 0.08984375 0.6703125
4 0.83984375 0.21015625 0.07578125 0.41953125
4 0.70859375 0.24921875 0.0453125 0.4984375