4 0.5546875 0.43671875 0.17109375 0.303125
4 0.2453125 0.4328125 0.13984375 0.2359375
4 0.6640625 0.9109375 0.15546875 0.17734375
4 0.4578125 0.815625 0.10234375 0.1390625
4 0.859375 0.415625 0.1234375 0.2328125
4 0.77578125 0.03984375 0.1234375 0.075
4 0.3421875 0.06953125 0.12109375 0.134375
4 0.18984375 0.62578125 0.0921875 0.09765625
4 0.278125 0.61171875 0.0609375 0.075
4 0.8625 0.846875 0.0625 0.0640625
4 0.5375 0.65390625 0.05859375 0.08125
4 0.7609375 0.184375 0.03671875 0.0671875
4 0.69296875 0.27578125 0.05703125 0.090625
4 0.3515625 0.95234375 0.09296875 0.053125