4 0.303125 0.74296875 0.09609375 0.51328125
4 0.20703125 0.3734375 0.178125 0.52265625
4 0.04296875 0.15625 0.0859375 0.3125
4 0.50859375 0.2765625 0.0734375 0.32890625
4 0.44921875 0.35390625 0.09765625 0.29140625
4 0.55 0.6515625 0.11796875 0.43984375
4 0.44453125 0.6921875 0.13203125 0.21015625
4 0.6015625 0.953125 0.0671875 0.09375
4 0.675 0.42109375 0.15546875 0.47109375
4 0.82421875 0.48671875 0.05859375 0.21953125
4 0.95625 0.65078125 0.0546875 0.128125
4 0.8953125 0.2515625 0.11875 0.26953125
4 0.9609375 0.1875 0.078125 0.29765625
4 0.68984375 0.12109375 0.09453125 0.2421875
4 0.79765625 0.1359375 0.0625 0.165625