4 0.296875 0.5375 0.109375 0.49453125
4 0.54765625 0.4546875 0.03515625 0.12734375
4 0.8859375 0.64296875 0.075 0.39375
4 0.73046875 0.73125 0.05078125 0.19453125
4 0.8328125 0.44140625 0.06328125 0.546875
4 0.76484375 0.278125 0.04453125 0.2203125
4 0.7140625 0.24453125 0.0484375 0.153125
4 0.67578125 0.34140625 0.05859375 0.3171875
4 0.5296875 0.15078125 0.0359375 0.2203125
4 0.61640625 0.10546875 0.04921875 0.209375
4 0.8515625 0.12734375 0.053125 0.25390625
4 0.93203125 0.23203125 0.0484375 0.15078125
4 0.9421875 0.0609375 0.028125 0.121875
4 0.7515625 0.07890625 0.04453125 0.15625
4 0.68125 0.090625 0.0421875 0.14609375
4 0.89609375 0.0703125 0.0296875 0.140625
4 0.80703125 0.0953125 0.021875 0.16015625