4 0.29375 0.50859375 0.1765625 0.5046875
4 0.553125 0.46171875 0.053125 0.13125
4 0.8625 0.6953125 0.1296875 0.4
4 0.69609375 0.7609375 0.078125 0.2
4 0.8375 0.48828125 0.1390625 0.55
4 0.79296875 0.3171875 0.075 0.225
4 0.74765625 0.2765625 0.06875 0.1578125
4 0.69609375 0.3671875 0.1015625 0.321875
4 0.578125 0.15859375 0.065625 0.2234375
4 0.6703125 0.12578125 0.078125 0.2140625
4 0.9 0.1796875 0.0875 0.259375
4 0.96484375 0.29453125 0.06875 0.15625
4 0.98828125 0.1265625 0.0234375 0.125
4 0.8078125 0.11796875 0.065625 0.1609375
4 0.73671875 0.11953125 0.0625 0.15
4 0.95234375 0.1296875 0.0484375 0.14375
4 0.86015625 0.1421875 0.04375 0.1609375