4 0.36875 0.721875 0.103125 0.546875
4 0.31328125 0.68984375 0.0453125 0.415625
4 0.06484375 0.621875 0.0671875 0.45
4 0.0265625 0.77734375 0.053125 0.3984375
4 0.0984375 0.20859375 0.1 0.4171875
4 0.28515625 0.15546875 0.1046875 0.3109375
4 0.203125 0.1625 0.109375 0.325
4 0.3609375 0.14140625 0.08125 0.2828125
4 0.49296875 0.60625 0.121875 0.6671875
4 0.615625 0.478125 0.1578125 0.4515625
4 0.521875 0.1203125 0.115625 0.240625
4 0.62265625 0.1328125 0.08125 0.25625
4 0.765625 0.590625 0.15 0.81875
4 0.93515625 0.3578125 0.125 0.6734375
4 0.8546875 0.228125 0.096875 0.4234375
4 0.72109375 0.26015625 0.071875 0.5