4 0.275 0.7171875 0.1578125 0.521875
4 0.225 0.3390625 0.240625 0.540625
4 0.08828125 0.13125 0.1234375 0.2625
4 0.5359375 0.27890625 0.1125 0.3359375
4 0.4671875 0.3484375 0.1328125 0.3015625
4 0.53125 0.65625 0.1703125 0.4515625
4 0.421875 0.684375 0.15625 0.225
4 0.5453125 0.95546875 0.078125 0.0890625
4 0.68359375 0.44296875 0.2125 0.4859375
4 0.8234375 0.5265625 0.084375 0.225
4 0.934375 0.70546875 0.0703125 0.134375
4 0.92265625 0.3015625 0.15 0.28125
4 0.96875 0.24609375 0.0625 0.3046875
4 0.734375 0.146875 0.1234375 0.2515625
4 0.83984375 0.175 0.0828125 0.171875