6 0.6609375 0.809375 0.2984375 0.2390625
6 0.84296875 0.86015625 0.2359375 0.1515625
6 0.8640625 0.5015625 0.271875 0.203125
6 0.58515625 0.50625 0.321875 0.1796875
6 0.29296875 0.528125 0.328125 0.196875
6 0.215625 0.2015625 0.2703125 0.1796875
6 0.3125 0.15234375 0.290625 0.1625
6 0.58828125 0.25078125 0.3203125 0.18125
6 0.69140625 0.3640625 0.2859375 0.1625
6 0.7703125 0.22109375 0.275 0.19375
6 0.4609375 0.64296875 0.2890625 0.1765625
6 0.6546875 0.6546875 0.2578125 0.1859375
6 0.19765625 0.3359375 0.2984375 0.2125
6 0.340625 0.4296875 0.303125 0.1984375
6 0.434375 0.12734375 0.23125 0.15
6 0.3984375 0.77578125 0.35 0.2421875