6 0.4984375 0.3984375 0.1484375 0.20546875
6 0.62734375 0.415625 0.1015625 0.1703125
6 0.69609375 0.5640625 0.1875 0.209375
6 0.78125 0.5265625 0.1453125 0.20390625
6 0.89609375 0.7078125 0.2 0.22578125
6 0.915625 0.8421875 0.16875 0.20625
6 0.6171875 0.87890625 0.184375 0.2421875
6 0.490625 0.65390625 0.159375 0.27265625
6 0.62421875 0.6609375 0.178125 0.25703125
6 0.725 0.39140625 0.12109375 0.1515625
6 0.25078125 0.1859375 0.1640625 0.23828125
6 0.36171875 0.33359375 0.14921875 0.16796875
6 0.4453125 0.24765625 0.15078125 0.159375
6 0.59921875 0.175 0.1859375 0.16171875
6 0.4671875 0.14765625 0.1328125 0.21640625
6 0.3203125 0.4875 0.1328125 0.21953125
6 0.41875 0.7734375 0.20078125 0.23203125
6 0.16171875 0.6859375 0.209375 0.15859375
6 0.225 0.840625 0.14921875 0.203125
6 0.159375 0.3640625 0.15703125 0.175
6 0.09296875 0.209375 0.14921875 0.19921875
6 0.93125 0.24921875 0.13671875 0.22421875