6 0.60234375 0.5015625 0.13125 0.2375
6 0.89140625 0.20390625 0.1078125 0.2296875
6 0.86875 0.5765625 0.0953125 0.18125
6 0.94453125 0.6546875 0.11015625 0.159375
6 0.81640625 0.83046875 0.115625 0.159375
6 0.8125 0.68984375 0.1078125 0.1515625
6 0.69140625 0.65078125 0.12578125 0.1515625
6 0.72109375 0.94140625 0.15390625 0.11640625
6 0.64296875 0.8484375 0.1015625 0.15546875
6 0.75390625 0.346875 0.0890625 0.171875
6 0.803125 0.41015625 0.0890625 0.1546875
6 0.62734375 0.08671875 0.1546875 0.1734375
6 0.4859375 0.25 0.13359375 0.184375
6 0.5375 0.396875 0.11953125 0.24296875
6 0.38671875 0.66328125 0.13203125 0.1578125
6 0.0984375 0.88046875 0.1703125 0.2390625
6 0.2859375 0.4640625 0.14609375 0.25
6 0.20078125 0.26015625 0.1125 0.12578125
6 0.28671875 0.27109375 0.134375 0.196875
6 0.396875 0.25390625 0.1390625 0.2703125
6 0.190625 0.171875 0.14375 0.21484375
6 0.4 0.86171875 0.11171875 0.1921875
6 0.5421875 0.68046875 0.1359375 0.1625
6 0.28828125 0.6890625 0.13125 0.2390625