6 0.6 0.52265625 0.178125 0.259375
6 0.93359375 0.290625 0.1328125 0.246875
6 0.84453125 0.6515625 0.13125 0.196875
6 0.90234375 0.74375 0.140625 0.178125
6 0.740625 0.8890625 0.146875 0.1796875
6 0.76640625 0.75078125 0.1375 0.1703125
6 0.65625 0.6875 0.1546875 0.175
6 0.6234375 0.95234375 0.175 0.0953125
6 0.5671875 0.8703125 0.13125 0.1734375
6 0.78046875 0.403125 0.1234375 0.1859375
6 0.81484375 0.475 0.11875 0.1703125
6 0.71015625 0.121875 0.1875 0.2015625
6 0.53828125 0.25234375 0.16875 0.2078125
6 0.5578125 0.40703125 0.1671875 0.2625
6 0.35546875 0.6359375 0.1625 0.18125
6 0.06796875 0.7875 0.1359375 0.26875
6 0.2984375 0.4203125 0.1953125 0.275
6 0.25703125 0.203125 0.1359375 0.146875
6 0.3390625 0.23203125 0.171875 0.2203125
6 0.45 0.2375 0.1921875 0.29375
6 0.26484375 0.1171875 0.1859375 0.234375
6 0.32734375 0.8328125 0.15 0.2109375
6 0.50390625 0.68515625 0.1671875 0.1875
6 0.25390625 0.640625 0.178125 0.2609375