6 0.86796875 0.81875 0.2578125 0.3625
6 0.6046875 0.5640625 0.2671875 0.3515625
6 0.89296875 0.4390625 0.2140625 0.25
6 0.3171875 0.48515625 0.1390625 0.1921875
6 0.7515625 0.13359375 0.1265625 0.259375
6 0.87578125 0.31328125 0.153125 0.19375
6 0.62265625 0.196875 0.1203125 0.1828125
6 0.46015625 0.37265625 0.1734375 0.2671875
6 0.62265625 0.90703125 0.1984375 0.1859375
6 0.14453125 0.24765625 0.1453125 0.29375
6 0.37421875 0.15 0.1734375 0.3
6 0.11796875 0.53671875 0.1765625 0.325
6 0.46328125 0.79453125 0.1625 0.2375