6 0.70234375 0.78359375 0.2734375 0.203125
6 0.88984375 0.80859375 0.2203125 0.12265625
6 0.86796875 0.45 0.2640625 0.16875
6 0.58515625 0.49453125 0.30546875 0.1390625
6 0.29921875 0.55625 0.31015625 0.1546875
6 0.1765625 0.24375 0.253125 0.1453125
6 0.265625 0.18203125 0.2765625 0.12578125
6 0.55234375 0.240625 0.30390625 0.13984375
6 0.6703125 0.3390625 0.27109375 0.12578125
6 0.72890625 0.1859375 0.25546875 0.16015625
6 0.48125 0.646875 0.27265625 0.140625
6 0.675 0.63125 0.2390625 0.1546875
6 0.178125 0.3796875 0.27734375 0.175
6 0.33203125 0.45234375 0.28359375 0.1609375
6 0.3828125 0.13984375 0.21640625 0.1203125
6 0.4375 0.7875 0.32578125 0.19921875