6 0.28203125 0.50703125 0.1984375 0.3765625
6 0.4921875 0.7171875 0.225 0.4125
6 0.68515625 0.86015625 0.23125 0.265625
6 0.9234375 0.79375 0.153125 0.26875
6 0.8546875 0.525 0.171875 0.2203125
6 0.796875 0.53125 0.2109375 0.38125
6 0.6875 0.32109375 0.234375 0.20625
6 0.59609375 0.465625 0.2 0.2375
6 0.47109375 0.25546875 0.2125 0.215625
6 0.39609375 0.3765625 0.2078125 0.253125
6 0.3640625 0.8453125 0.20625 0.309375
6 0.2546875 0.73046875 0.1515625 0.19375
6 0.07890625 0.4375 0.1578125 0.24375
6 0.07578125 0.803125 0.125 0.33125