6 0.87421875 0.81640625 0.25078125 0.36640625
6 0.60546875 0.5625 0.2609375 0.34765625
6 0.89375 0.4328125 0.21171875 0.24609375
6 0.3171875 0.48828125 0.1359375 0.18984375
6 0.7453125 0.12890625 0.12265625 0.2578125
6 0.87265625 0.30703125 0.14921875 0.19140625
6 0.6171875 0.19453125 0.11640625 0.18125
6 0.4578125 0.3734375 0.16875 0.2640625
6 0.63046875 0.90703125 0.19453125 0.18515625
6 0.13984375 0.25390625 0.140625 0.290625
6 0.36875 0.15078125 0.16796875 0.30078125
6 0.11875 0.54375 0.17109375 0.321875
6 0.46875 0.7953125 0.1578125 0.23515625