6 0.48671875 0.64921875 0.1625 0.275
6 0.6203125 0.65703125 0.19375 0.2515625
6 0.69140625 0.56484375 0.178125 0.22421875
6 0.78515625 0.5140625 0.15703125 0.23984375
6 0.88828125 0.69140625 0.20703125 0.23046875
6 0.60078125 0.16484375 0.18046875 0.16015625
6 0.625 0.4125 0.11171875 0.175
6 0.6125 0.8765625 0.184375 0.246875
6 0.42109375 0.778125 0.19453125 0.24609375
6 0.3234375 0.484375 0.1234375 0.22890625
6 0.35078125 0.31796875 0.1515625 0.19140625
6 0.4921875 0.40625 0.17265625 0.25078125
6 0.25234375 0.1796875 0.1828125 0.23984375
6 0.16015625 0.35546875 0.1359375 0.1875
6 0.1125 0.603125 0.15234375 0.20234375
6 0.16015625 0.6875 0.2203125 0.175
6 0.22265625 0.84453125 0.14296875 0.22265625
6 0.46328125 0.153125 0.14140625 0.215625