6 0.2828125 0.484375 0.1609375 0.36171875
6 0.46953125 0.71484375 0.18515625 0.39609375
6 0.646875 0.87734375 0.20625 0.2453125
6 0.91328125 0.83984375 0.17265625 0.2515625
6 0.85 0.56171875 0.1515625 0.20625
6 0.7921875 0.5625 0.17421875 0.365625
6 0.70546875 0.34140625 0.21640625 0.18515625
6 0.59921875 0.47578125 0.178125 0.21953125
6 0.496875 0.25390625 0.19296875 0.19609375
6 0.409375 0.36640625 0.18359375 0.23515625
6 0.328125 0.84140625 0.1734375 0.3171875
6 0.23203125 0.70390625 0.13359375 0.18125
6 0.078125 0.39375 0.15546875 0.22890625
6 0.04609375 0.75703125 0.09140625 0.3234375