6 0.48125 0.6484375 0.171875 0.28125
6 0.61484375 0.6609375 0.203125 0.2578125
6 0.6890625 0.57109375 0.1859375 0.2296875
6 0.784375 0.52421875 0.165625 0.2453125
6 0.88125 0.7046875 0.215625 0.2375
6 0.6125 0.16875 0.1859375 0.165625
6 0.628125 0.4171875 0.1171875 0.178125
6 0.59921875 0.8765625 0.1921875 0.246875
6 0.41171875 0.775 0.203125 0.253125
6 0.32421875 0.478125 0.13125 0.2328125
6 0.35703125 0.3125 0.1578125 0.196875
6 0.4953125 0.40625 0.18125 0.25625
6 0.2640625 0.17109375 0.190625 0.2453125
6 0.165625 0.34375 0.1421875 0.1921875
6 0.109375 0.58984375 0.159375 0.2078125
6 0.15390625 0.67578125 0.2265625 0.1828125
6 0.2109375 0.834375 0.15 0.228125
6 0.47578125 0.15234375 0.1484375 0.2203125