6 0.49140625 0.3984375 0.1625 0.215625
6 0.62109375 0.40703125 0.1125 0.1765625
6 0.7 0.55 0.2015625 0.221875
6 0.78203125 0.50703125 0.159375 0.2140625
6 0.90078125 0.67890625 0.1984375 0.2390625
6 0.9234375 0.81171875 0.153125 0.2171875
6 0.64296875 0.86953125 0.2015625 0.2546875
6 0.5015625 0.65390625 0.178125 0.2828125
6 0.63515625 0.6515625 0.1953125 0.26875
6 0.7171875 0.37578125 0.13125 0.159375
6 0.2296875 0.20390625 0.1796875 0.2484375
6 0.35078125 0.34375 0.1609375 0.178125
6 0.428125 0.25234375 0.1609375 0.16875
6 0.5765625 0.16875 0.196875 0.175
6 0.44296875 0.15078125 0.146875 0.225
6 0.31953125 0.5 0.1484375 0.228125
6 0.43828125 0.778125 0.2171875 0.2453125
6 0.17578125 0.709375 0.2203125 0.1734375
6 0.24921875 0.85859375 0.1625 0.2125
6 0.15078125 0.38828125 0.16875 0.1859375
6 0.07734375 0.2375 0.1546875 0.209375
6 0.9125 0.21953125 0.1515625 0.2328125