6 0.503125 0.5875 0.1859375 0.22109375
6 0.78984375 0.4765625 0.13359375 0.20546875
6 0.7609375 0.7515625 0.19140625 0.2625
6 0.49453125 0.75078125 0.203125 0.278125
6 0.33515625 0.74140625 0.14375 0.25078125
6 0.19453125 0.4828125 0.13359375 0.19375
6 0.57421875 0.36015625 0.1640625 0.21875
6 0.671875 0.84765625 0.15078125 0.22109375
6 0.8546875 0.63125 0.15 0.184375
6 0.70078125 0.57578125 0.16015625 0.23359375
6 0.3484375 0.5265625 0.11171875 0.1671875
6 0.4609375 0.44453125 0.1203125 0.24453125
6 0.49609375 0.1828125 0.1859375 0.17265625
6 0.7921875 0.8984375 0.09921875 0.203125
6 0.26640625 0.5984375 0.10859375 0.1875