6 0.2546875 0.496875 0.18359375 0.10390625
6 0.40625 0.0953125 0.115625 0.18203125
6 0.4046875 0.5671875 0.14140625 0.21484375
6 0.10234375 0.70390625 0.146875 0.24921875
6 0.078125 0.3265625 0.15625 0.20625
6 0.3953125 0.425 0.075 0.12578125
6 0.33671875 0.3875 0.15625 0.18046875
6 0.53984375 0.26015625 0.14453125 0.16953125
6 0.80859375 0.7359375 0.1890625 0.2125
6 0.6234375 0.8921875 0.13359375 0.2125
6 0.36640625 0.79453125 0.153125 0.18671875
6 0.1296875 0.89375 0.14453125 0.1734375
6 0.24765625 0.89296875 0.1890625 0.15
6 0.74296875 0.50546875 0.14140625 0.22109375
6 0.76640625 0.09296875 0.15625 0.10390625
6 0.08203125 0.51015625 0.13828125 0.22578125
6 0.64375 0.715625 0.14375 0.19375
6 0.9421875 0.76171875 0.115625 0.1296875
6 0.76171875 0.4 0.159375 0.121875
6 0.91796875 0.4828125 0.11015625 0.20546875
6 0.60390625 0.434375 0.1328125 0.15625
6 0.5203125 0.790625 0.1515625 0.1484375
6 0.4875 0.9109375 0.146875 0.178125
6 0.478125 0.4171875 0.1359375 0.15234375
6 0.85625 0.53828125 0.11953125 0.18515625
6 0.47890625 0.58203125 0.12734375 0.25234375