6 0.26015625 0.45 0.2 0.1375
6 0.48515625 0.0921875 0.1484375 0.184375
6 0.39375 0.54765625 0.1796875 0.2375
6 0.08359375 0.62421875 0.1671875 0.2734375
6 0.11875 0.24921875 0.1921875 0.2328125
6 0.41171875 0.40625 0.096875 0.1375
6 0.3609375 0.35859375 0.1875 0.20625
6 0.58515625 0.271875 0.175 0.19375
6 0.7578125 0.790625 0.2265625 0.2453125
6 0.5453125 0.8953125 0.171875 0.209375
6 0.3125 0.76328125 0.1859375 0.2125
6 0.07421875 0.81484375 0.1484375 0.1984375
6 0.17734375 0.8375 0.2140625 0.1828125
6 0.7375 0.5515625 0.18125 0.24375
6 0.8390625 0.1515625 0.1734375 0.13125
6 0.08828125 0.43046875 0.1765625 0.2484375
6 0.6 0.7390625 0.178125 0.2171875
6 0.884375 0.84140625 0.1375 0.15
6 0.77578125 0.4515625 0.1796875 0.15
6 0.91328125 0.5625 0.146875 0.2234375
6 0.61484375 0.45546875 0.1609375 0.178125
6 0.46484375 0.7890625 0.1765625 0.175
6 0.409375 0.89921875 0.178125 0.2015625
6 0.49453125 0.41484375 0.1625 0.175
6 0.8421875 0.60546875 0.153125 0.2046875
6 0.46328125 0.5765625 0.1734375 0.271875