6 0.48203125 0.5859375 0.234375 0.259375
6 0.78671875 0.54765625 0.1796875 0.23125
6 0.6921875 0.80703125 0.25 0.3015625
6 0.434375 0.7421875 0.2640625 0.31875
6 0.28203125 0.69453125 0.2 0.278125
6 0.2078125 0.409375 0.1765625 0.2203125
6 0.60546875 0.38203125 0.2125 0.2515625
6 0.5828125 0.8765625 0.2 0.246875
6 0.8125 0.71328125 0.190625 0.215625
6 0.6765625 0.621875 0.2125 0.265625
6 0.346875 0.4890625 0.1484375 0.1890625
6 0.47578125 0.43671875 0.1765625 0.265625
6 0.57265625 0.19140625 0.221875 0.2125
6 0.68671875 0.92265625 0.1453125 0.1546875
6 0.24921875 0.5390625 0.15 0.2078125