15 0.490625 0.55625 0.0765625 0.10078125
15 0.203125 0.87890625 0.1078125 0.1671875
15 0.4328125 0.62734375 0.0921875 0.1203125
15 0.53203125 0.8296875 0.07265625 0.10234375
15 0.54375 0.29296875 0.1078125 0.1296875
15 0.26484375 0.58125 0.09453125 0.13125
15 0.63359375 0.40625 0.10078125 0.11171875
15 0.78359375 0.31171875 0.11015625 0.13671875
15 0.6125 0.7953125 0.08671875 0.0953125
15 0.44375 0.06796875 0.08828125 0.10546875
15 0.328125 0.08125 0.08671875 0.13828125
15 0.184375 0.28125 0.096875 0.1140625
15 0.1390625 0.4640625 0.05625 0.115625
15 0.08984375 0.50234375 0.0796875 0.11875
15 0.04609375 0.30859375 0.08359375 0.109375
15 0.05546875 0.834375 0.0796875 0.1484375
15 0.03671875 0.92109375 0.07265625 0.1578125
15 0.3640625 0.909375 0.06796875 0.08515625
15 0.3109375 0.5140625 0.0796875 0.0921875
15 0.42109375 0.54765625 0.0671875 0.09140625
15 0.13359375 0.59453125 0.09609375 0.103125
15 0.55859375 0.74921875 0.065625 0.0765625
15 0.5 0.91484375 0.053125 0.075