15 0.49375 0.55703125 0.08125 0.1046875
15 0.2234375 0.89375 0.1171875 0.171875
15 0.43984375 0.63046875 0.0984375 0.125
15 0.54921875 0.82734375 0.078125 0.10625
15 0.5328125 0.290625 0.1140625 0.134375
15 0.26953125 0.59375 0.1015625 0.1359375
15 0.628125 0.39921875 0.10625 0.1171875
15 0.7734375 0.296875 0.1171875 0.1421875
15 0.628125 0.7890625 0.0921875 0.1
15 0.42109375 0.071875 0.09375 0.109375
15 0.30625 0.090625 0.09375 0.1421875
15 0.1734375 0.2984375 0.103125 0.11875
15 0.1375 0.4828125 0.0625 0.11875
15 0.090625 0.5234375 0.0859375 0.1234375
15 0.040625 0.33203125 0.08125 0.1140625
15 0.0734375 0.85703125 0.0875 0.153125
15 0.059375 0.93203125 0.08125 0.1359375
15 0.3859375 0.915625 0.071875 0.0890625
15 0.31171875 0.52421875 0.084375 0.096875
15 0.4234375 0.5515625 0.071875 0.0953125
15 0.1390625 0.61328125 0.1015625 0.1078125
15 0.571875 0.74609375 0.0703125 0.0796875
15 0.521875 0.9140625 0.05625 0.078125