15 0.35703125 0.2984375 0.29375 0.3390625
15 0.59296875 0.290625 0.275 0.434375
15 0.546875 0.62890625 0.3484375 0.45625
15 0.87109375 0.6015625 0.2578125 0.590625
15 0.18125 0.4390625 0.296875 0.3421875
15 0.2515625 0.72109375 0.3 0.3671875
15 0.24296875 0.12890625 0.278125 0.2234375
15 0.7421875 0.2375 0.3328125 0.421875
15 0.87734375 0.16875 0.1984375 0.3375
15 0.78046875 0.76015625 0.2171875 0.2796875
15 0.115625 0.70390625 0.2296875 0.378125
15 0.45078125 0.88203125 0.2796875 0.2359375
15 0.64609375 0.8546875 0.1484375 0.20625