15 0.390625 0.27890625 0.2484375 0.3046875
15 0.62421875 0.3078125 0.21484375 0.40625
15 0.52578125 0.634375 0.28671875 0.41640625
15 0.88203125 0.66328125 0.2359375 0.5609375
15 0.19453125 0.38984375 0.2515625 0.30625
15 0.2203125 0.6796875 0.25078125 0.3328125
15 0.30390625 0.09296875 0.2515625 0.1859375
15 0.78046875 0.27890625 0.27578125 0.3828125
15 0.9296875 0.20390625 0.140625 0.3765625
15 0.7359375 0.80078125 0.17890625 0.2546875
15 0.08828125 0.64140625 0.17578125 0.35546875
15 0.3890625 0.88515625 0.246875 0.2296875
15 0.5890625 0.8734375 0.11953125 0.190625