15 0.54375 0.48671875 0.140625 0.2078125
15 0.15625 0.63125 0.10078125 0.17734375
15 0.46291034375000006 0.9298711515625 0.508922221875 0.7876755390625 0.5014100515625 0.6891240562500001 0.4563372484375 0.676453190625 0.4093863671875 0.728544671875 0.3755816765625 0.8144252359375 0.415020459375 0.88341115 0.46291034375000006 0.9298711515625
15 0.615625 0.19453125 0.14921875 0.18125
15 0.64296875 0.44453125 0.13203125 0.16015625
15 0.76640625 0.66015625 0.14453125 0.2265625
15 0.384375 0.35859375 0.07890625 0.16328125
15 0.93359375 0.38828125 0.13203125 0.1984375
15 0.3875 0.9265625 0.11171875 0.14609375
15 0.54453125 0.89453125 0.0875 0.15234375
15 0.63515625 0.71796875 0.08984375 0.16015625
15 0.153125 0.46640625 0.0828125 0.11171875
15 0.09609375 0.6671875 0.10859375 0.1515625
15 0.34921875 0.50390625 0.09765625 0.16875
15 0.4859375 0.5671875 0.109375 0.19765625