15 0.54140625 0.4796875 0.171875 0.2265625
15 0.18125 0.68359375 0.1265625 0.190625
15 0.446254234375 0.739906003125 0.426300415625 0.8300174531250001 0.4760454171875 0.8919844515625 0.5306136421875001 0.930380825 0.5538147437500001 0.7827380328125 0.5309782125 0.6865750453125 0.4844781703125 0.68111111875 0.446254234375 0.739906003125
15 0.56640625 0.18046875 0.175 0.203125
15 0.6328125 0.42265625 0.1546875 0.178125
15 0.78828125 0.61640625 0.178125 0.246875
15 0.3640625 0.378125 0.103125 0.1734375
15 0.9109375 0.321875 0.1609375 0.2171875
15 0.45546875 0.92890625 0.1328125 0.1421875
15 0.60546875 0.8828125 0.1109375 0.1640625
15 0.66796875 0.69453125 0.1140625 0.171875
15 0.15234375 0.52109375 0.1 0.1234375
15 0.12734375 0.728125 0.13125 0.1671875
15 0.3515625 0.52734375 0.1234375 0.18125
15 0.496875 0.56875 0.1390625 0.2125