15 0.29921875 0.6234375 0.17578125 0.22578125
15 0.62890625 0.646875 0.16328125 0.2109375
15 0.31796875 0.8265625 0.21171875 0.2140625
15 0.39140625 0.49453125 0.21484375 0.26328125
15 0.746875 0.34765625 0.15234375 0.17734375
15 0.8234375 0.5390625 0.23984375 0.24765625
15 0.81953125 0.8015625 0.1515625 0.1828125
15 0.928125 0.83671875 0.14375 0.21484375
15 0.125 0.25 0.16875 0.2046875
15 0.1328125 0.6984375 0.1078125 0.1171875
15 0.53359375 0.36953125 0.1421875 0.16875
15 0.93125 0.34921875 0.0828125 0.13125