15 0.76796875 0.3828125 0.2125 0.1140625
15 0.91015625 0.51875 0.1796875 0.146875
15 0.6703125 0.5375 0.1921875 0.103125
15 0.42109375 0.875 0.2453125 0.1265625
15 0.63359375 0.87578125 0.209375 0.1390625
15 0.56484375 0.6515625 0.2984375 0.1546875
15 0.40234375 0.47734375 0.221875 0.103125
15 0.7421875 0.2703125 0.2046875 0.125
15 0.925 0.3578125 0.1421875 0.134375
15 0.49609375 0.928125 0.2578125 0.1328125
15 0.78671875 0.7109375 0.23125 0.1140625
15 0.8234375 0.93828125 0.3015625 0.1046875
15 0.53984375 0.4546875 0.153125 0.0765625
15 0.9109375 0.61953125 0.1734375 0.1125
15 0.5578125 0.1015625 0.1859375 0.0984375