15 0.7734375 0.396875 0.2078125 0.103125
15 0.9109375 0.540625 0.178125 0.1375
15 0.66796875 0.54609375 0.1875 0.09296875
15 0.4015625 0.8703125 0.23984375 0.1140625
15 0.6140625 0.88203125 0.20234375 0.12890625
15 0.55703125 0.6546875 0.2921875 0.1390625
15 0.40390625 0.47265625 0.2171875 0.0921875
15 0.75390625 0.28359375 0.19921875 0.11484375
15 0.93203125 0.38046875 0.1359375 0.12734375
15 0.4734375 0.92734375 0.2515625 0.11953125
15 0.775 0.72578125 0.22578125 0.103125
15 0.8 0.9546875 0.296875 0.08984375
15 0.5421875 0.45703125 0.14921875 0.06953125
15 0.90390625 0.640625 0.16875 0.103125
15 0.57890625 0.10546875 0.18203125 0.08828125