15 0.621875 0.19453125 0.2625 0.3
15 0.21640625 0.33828125 0.2046875 0.1953125
15 0.38046875 0.5015625 0.15625 0.21875
15 0.84453125 0.21875 0.3109375 0.290625
15 0.5125 0.54375 0.1296875 0.1546875
15 0.33046875 0.3703125 0.153125 0.209375
15 0.79765625 0.2953125 0.246875 0.284375
15 0.25703125 0.51953125 0.15625 0.203125
15 0.31953125 0.77109375 0.1421875 0.18125
15 0.41875 0.70390625 0.109375 0.165625
15 0.34765625 0.66875 0.1328125 0.1265625
15 0.54765625 0.79375 0.09375 0.128125
15 0.42734375 0.896875 0.084375 0.1234375
15 0.50703125 0.359375 0.1328125 0.15625
15 0.24296875 0.76875 0.1015625 0.1328125
15 0.33203125 0.04921875 0.1359375 0.0984375
15 0.1953125 0.71328125 0.1015625 0.1765625
15 0.31953125 0.90234375 0.1078125 0.11875
15 0.353125 0.23828125 0.1296875 0.159375
15 0.7796875 0.6875 0.103125 0.10625
15 0.475 0.6328125 0.109375 0.1421875