15 0.578125 0.18046875 0.22734375 0.27109375
15 0.196875 0.37890625 0.1828125 0.17109375
15 0.38203125 0.51796875 0.12890625 0.203125
15 0.803125 0.17421875 0.2796875 0.25390625
15 0.51875 0.54140625 0.11171875 0.140625
15 0.3140625 0.3953125 0.12734375 0.19296875
15 0.76640625 0.25625 0.21328125 0.2578125
15 0.2625 0.553125 0.13203125 0.18671875
15 0.359375 0.79375 0.12109375 0.165625
15 0.44765625 0.71328125 0.0890625 0.15546875
15 0.37265625 0.68828125 0.11875 0.1109375
15 0.58828125 0.784375 0.07734375 0.11796875
15 0.48359375 0.903125 0.06953125 0.115625
15 0.4875 0.359375 0.1140625 0.14140625
15 0.2828125 0.8015625 0.08515625 0.12265625
15 0.26953125 0.06015625 0.1203125 0.11875
15 0.228125 0.75390625 0.07890625 0.16796875
15 0.37734375 0.9234375 0.09453125 0.10703125
15 0.31796875 0.2609375 0.11015625 0.14609375
15 0.803125 0.646875 0.09140625 0.09375
15 0.49375 0.63515625 0.0921875 0.13046875