15 0.54453125 0.50078125 0.1484375 0.21875
15 0.76328125 0.65078125 0.16015625 0.2359375
15 0.15390625 0.63984375 0.11796875 0.1890625
15 0.3390625 0.4984375 0.11953125 0.15234375
15 0.44765625 0.790625 0.14296875 0.26796875
15 0.64140625 0.71875 0.10859375 0.1609375
15 0.9375 0.38984375 0.125 0.2234375
15 0.6109375 0.20078125 0.13984375 0.1609375
15 0.503125 0.315625 0.1546875 0.1609375
15 0.8640625 0.74765625 0.1046875 0.26875
15 0.73828125 0.8390625 0.13046875 0.2296875
15 0.37734375 0.79375 0.11953125 0.1796875
15 0.553125 0.78671875 0.10859375 0.12890625
15 0.3921875 0.35703125 0.0828125 0.14140625
15 0.6546875 0.440625 0.0875 0.17734375
15 0.821875 0.40703125 0.10078125 0.15078125
15 0.75703125 0.35078125 0.084375 0.10703125
15 0.1984375 0.5546875 0.08125 0.12421875
15 0.08359375 0.6296875 0.12421875 0.228125
15 0.4875 0.56484375 0.11640625 0.1984375
15 0.6828125 0.57265625 0.146875 0.16015625
15 0.71171875 0.25625 0.06875 0.10390625
15 0.31171875 0.33828125 0.10859375 0.12578125
15 0.58828125 0.95078125 0.0875 0.0984375