15 0.54375 0.50859375 0.184375 0.240625
15 0.7328125 0.69453125 0.1984375 0.2609375
15 0.13515625 0.57734375 0.1484375 0.20625
15 0.34140625 0.4703125 0.14375 0.1703125
15 0.39765625 0.77734375 0.1875 0.2890625
15 0.6015625 0.73984375 0.134375 0.178125
15 0.934375 0.46640625 0.13125 0.2421875
15 0.6609375 0.22421875 0.165625 0.1828125
15 0.53515625 0.31875 0.1796875 0.1859375
15 0.815625 0.80703125 0.15 0.2828125
15 0.67578125 0.875 0.16875 0.2484375
15 0.328125 0.76796875 0.1484375 0.1984375
15 0.50234375 0.79140625 0.1296875 0.1453125
15 0.41875 0.340625 0.10625 0.153125
15 0.6625 0.46875 0.1171875 0.1890625
15 0.8328125 0.4640625 0.125 0.165625
15 0.77890625 0.39765625 0.1015625 0.1203125
15 0.19375 0.5015625 0.1015625 0.1359375
15 0.07421875 0.5546875 0.1484375 0.246875
15 0.4765625 0.56171875 0.1484375 0.215625
15 0.6671875 0.603125 0.171875 0.1828125
15 0.75078125 0.296875 0.0859375 0.1140625
15 0.34296875 0.3078125 0.128125 0.1421875
15 0.5078125 0.9515625 0.103125 0.096875