15 0.58203125 0.18046875 0.15 0.2375
15 0.715625 0.23203125 0.1671875 0.25
15 0.8171875 0.4796875 0.13125 0.215625
15 0.6484375 0.778125 0.2046875 0.2796875
15 0.5453125 0.6171875 0.1671875 0.2984375
15 0.66171875 0.58828125 0.153125 0.2375
15 0.459375 0.31328125 0.1515625 0.165625
15 0.453125 0.66640625 0.1578125 0.246875
15 0.25546875 0.18359375 0.1109375 0.1625
15 0.87890625 0.7265625 0.121875 0.253125
15 0.5328125 0.91171875 0.128125 0.1765625
15 0.17890625 0.2421875 0.128125 0.175
15 0.2789517984375 0.40904746249999996 0.255598840625 0.46689606093749997 0.2698289078125 0.48425288593750004 0.3264218890625 0.50720440625 0.3462610328125 0.4775659421875 0.3493975546875 0.410856446875 0.32513183749999996 0.389315021875 0.2789517984375 0.40904746249999996
15 0.946875 0.53203125 0.10625 0.2453125
15 0.08359375 0.70546875 0.1015625 0.1578125
15 0.31640625 0.53203125 0.103125 0.1265625
15 0.37265625 0.46875 0.0765625 0.1484375
15 0.34609375 0.8015625 0.1015625 0.1546875
15 0.446875 0.93671875 0.11875 0.1265625
15 0.90234375 0.37890625 0.11875 0.209375
15 0.83359375 0.16953125 0.1109375 0.20625
15 0.109375 0.3546875 0.0953125 0.128125
15 0.084375 0.59375 0.078125 0.1078125
15 0.2046875 0.89921875 0.090625 0.1625
15 0.4140625 0.21015625 0.1390625 0.14375
15 0.5390625 0.34140625 0.125 0.19375
15 0.33828125 0.1875 0.0828125 0.1328125
15 0.2375 0.4453125 0.10625 0.1625