15 0.609375 0.1890625 0.13125 0.22734375
15 0.73828125 0.2515625 0.146875 0.2375
15 0.81796875 0.5078125 0.11328125 0.20625
15 0.6234375 0.78984375 0.18203125 0.26484375
15 0.53515625 0.62109375 0.1421875 0.2875
15 0.653125 0.60234375 0.13359375 0.2265625
15 0.47578125 0.31015625 0.1390625 0.1546875
15 0.4390625 0.66171875 0.1375 0.2359375
15 0.284375 0.16328125 0.0984375 0.1546875
15 0.8578125 0.75859375 0.10078125 0.24453125
15 0.496875 0.91484375 0.1140625 0.1703125
15 0.20234375 0.21484375 0.1140625 0.165625
15 0.3264545 0.49204866249999996 0.3488013125 0.4642520765625 0.357740015625 0.398069796875 0.3354440953125 0.374495446875 0.2877199890625 0.39012794375 0.259414059375 0.4457210671875 0.2720772296875 0.4642520765625 0.3264545 0.49204866249999996
15 0.95 0.571875 0.09921875 0.2375
15 0.0671875 0.66875 0.0890625 0.15078125
15 0.3140625 0.515625 0.09375 0.11953125
15 0.37578125 0.4578125 0.06484375 0.14375
15 0.3203125 0.78671875 0.0890625 0.14765625
15 0.409375 0.9359375 0.1078125 0.128125
15 0.91171875 0.41484375 0.1015625 0.2015625
15 0.8609375 0.2 0.09453125 0.19921875
15 0.1234375 0.32109375 0.08515625 0.121875
15 0.078125 0.55703125 0.06953125 0.10234375
15 0.17109375 0.871875 0.0765625 0.15625
15 0.43984375 0.20390625 0.12734375 0.1328125
15 0.553125 0.3453125 0.10859375 0.184375
15 0.36640625 0.175 0.07265625 0.12734375
15 0.24296875 0.42265625 0.09375 0.15546875