15 0.45 0.5734375 0.1953125 0.25
15 0.1546875 0.4171875 0.196875 0.203125
15 0.36796875 0.17578125 0.1765625 0.221875
15 0.5234375 0.44921875 0.1828125 0.2171875
15 0.68125 0.23828125 0.221875 0.2765625
15 0.85546875 0.14140625 0.2390625 0.2828125
15 0.89140625 0.553125 0.2171875 0.25
15 0.17734375 0.6171875 0.246875 0.2578125
15 0.325 0.83203125 0.203125 0.221875
15 0.77421875 0.653125 0.209375 0.2765625
15 0.71953125 0.4359375 0.20625 0.2390625
15 0.38515625 0.4140625 0.2234375 0.209375
15 0.0841373765625 1 0.1292455890625 0.9420607999999999 0.15889015625 0.8415022953125 0.09753595625 0.7265422953125 0.0240457765625 0.7549841703125 0.0432923015625 0.938102628125 0.0596932578125 1 0.0841373765625 1
15 0.65078125 0.7296875 0.1359375 0.2078125
15 0.6421875 0.5796875 0.1375 0.1609375
15 0.796875 0.896875 0.165625 0.1640625
15 0.378125 0.675 0.1796875 0.2296875
15 0.48671875 0.73828125 0.1625 0.25625
15 0.15625 0.2625 0.16875 0.175
15 0.47578125 0.246875 0.1484375 0.1890625
15 0.56484375 0.32578125 0.1921875 0.2234375
15 0.0640625 0.3890625 0.128125 0.24375