15 0.44296875 0.56796875 0.171875 0.23359375
15 0.165625 0.38125 0.178125 0.1859375
15 0.40234375 0.1640625 0.15546875 0.20625
15 0.52890625 0.45234375 0.1625 0.2015625
15 0.7078125 0.25859375 0.19609375 0.25703125
15 0.89140625 0.178125 0.21171875 0.26640625
15 0.89140625 0.5953125 0.209375 0.2296875
15 0.1671875 0.5828125 0.22421875 0.2359375
15 0.29140625 0.81171875 0.1828125 0.20390625
15 0.75703125 0.68125 0.1828125 0.25859375
15 0.725 0.459375 0.184375 0.22109375
15 0.39453125 0.40234375 0.2046875 0.1890625
15 0 0.8879637015625 0.013565385937499999 0.97518164375 0.08506868437500001 0.90088475625 0.12506208125 0.803975821875 0.076060578125 0.683232325 0 0.7038365765625 0 0.8879637015625
15 0.62578125 0.74453125 0.115625 0.19609375
15 0.6328125 0.59375 0.1234375 0.1484375
15 0.75390625 0.92578125 0.1515625 0.1484375
15 0.36015625 0.6609375 0.15859375 0.2140625
15 0.46171875 0.7359375 0.13828125 0.24296875
15 0.1828125 0.228125 0.153125 0.16015625
15 0.50234375 0.24609375 0.13046875 0.17578125
15 0.5828125 0.33359375 0.17109375 0.20625
15 0.065625 0.34375 0.13125 0.23125