15 0.15625 0.84375 0.26015625 0.31171875
15 0.40234375 0.8078125 0.28046875 0.3828125
15 0.69375 0.82109375 0.25625 0.3203125
15 0.47890625 0.10078125 0.165625 0.2015625
15 0.278125 0.41875 0.16328125 0.21640625
15 0.56640625 0.5734375 0.1671875 0.27890625
15 0.8 0.55625 0.14921875 0.24140625
15 0.23828125 0.60390625 0.16640625 0.2
15 0.9328125 0.44453125 0.134375 0.16796875
15 0.96484375 0.51015625 0.0703125 0.17734375
15 0.8734375 0.83359375 0.15 0.3328125
15 0.9234375 0.08046875 0.11328125 0.16015625