15 0.56953125 0.33359375 0.2015625 0.246875
15 0.56171875 0.86796875 0.1953125 0.2640625
15 0.371875 0.453125 0.24375 0.2859375
15 0.146875 0.8078125 0.225 0.3328125
15 0.24453125 0.47578125 0.2046875 0.23125
15 0.1203125 0.16953125 0.2 0.2703125
15 0.5875 0.09921875 0.215625 0.1984375
15 0.696875 0.34609375 0.2125 0.296875
15 0.89140625 0.4859375 0.2171875 0.3
15 0.48515625 0.69765625 0.209375 0.24375
15 0.7703125 0.77109375 0.1890625 0.2734375
15 0.42265625 0.85859375 0.20625 0.26875
15 0.08515625 0.609375 0.1703125 0.328125
15 0.9 0.784375 0.1765625 0.3171875
15 0.70546875 0.91328125 0.1765625 0.1734375
15 0.84140625 0.134375 0.14375 0.19375
15 0.7171875 0.090625 0.146875 0.153125
15 0.4328125 0.27421875 0.1 0.1578125
15 0.4484375 0.15546875 0.0953125 0.1265625
15 0.4890625 0.57109375 0.1921875 0.203125
15 0.2484375 0.6140625 0.2109375 0.2078125
15 0.365625 0.74453125 0.146875 0.2421875
15 0.23984375 0.21875 0.1578125 0.2296875
15 0.2359375 0.08203125 0.18125 0.1640625
15 0.80234375 0.52109375 0.21875 0.2796875