15 0.5515625 0.32734375 0.17890625 0.22890625
15 0.6015625 0.86796875 0.16875 0.2640625
15 0.36796875 0.46640625 0.2171875 0.2640625
15 0.18125 0.84296875 0.19375 0.3140625
15 0.24375 0.50234375 0.18359375 0.2125
15 0.0875 0.2109375 0.175 0.253125
15 0.54609375 0.09140625 0.19765625 0.18125
15 0.6796875 0.3265625 0.18359375 0.2796875
15 0.89375 0.44453125 0.2015625 0.28125
15 0.50625 0.6984375 0.1875 0.22578125
15 0.796875 0.74140625 0.1625 0.2578125
15 0.4609375 0.86484375 0.18125 0.2515625
15 0.084375 0.6546875 0.16796875 0.31171875
15 0.92734375 0.74140625 0.1453125 0.30390625
15 0.74921875 0.90546875 0.1578125 0.1890625
15 0.8015625 0.10078125 0.12578125 0.18125
15 0.6734375 0.0703125 0.1328125 0.13984375
15 0.409375 0.2828125 0.084375 0.14921875
15 0.4125 0.1625 0.08359375 0.11875
15 0.496875 0.571875 0.1734375 0.18671875
15 0.26171875 0.63984375 0.19296875 0.1890625
15 0.3921875 0.75703125 0.12421875 0.23046875
15 0.21171875 0.24765625 0.1359375 0.21640625
15 0.19296875 0.1 0.16484375 0.17109375
15 0.803125 0.4890625 0.1921875 0.2609375