8 0.78125 0.5546875 0.0625 0.1078125
8 0.71171875 0.46640625 0.0546875 0.11875
8 0.67421875 0.4109375 0.04609375 0.09453125
8 0.6 0.4515625 0.08359375 0.0984375
8 0.6078125 0.35703125 0.06796875 0.090625
8 0.3546875 0.121875 0.05625 0.08125
8 0.38984375 0.4046875 0.0453125 0.09296875
8 0.12734375 0.36328125 0.06953125 0.09609375
8 0.1640625 0.61875 0.08671875 0.1328125
8 0.35234375 0.6265625 0.05390625 0.12578125
8 0.396875 0.746875 0.0609375 0.115625
8 0.17265625 0.965625 0.05234375 0.06875
8 0.05234375 0.9421875 0.08203125 0.08984375
8 0.05859375 0.8015625 0.09609375 0.1140625