9 0.1921875 0.56484375 0.2640625 0.396875
9 0.4640625 0.37578125 0.265625 0.2375
9 0.37890625 0.71796875 0.2484375 0.3375
9 0.36640625 0.48515625 0.159375 0.1640625
9 0.55390625 0.57265625 0.246875 0.2421875
9 0.60078125 0.28046875 0.2078125 0.2078125
9 0.57109375 0.9203125 0.2203125 0.159375
9 0.78125 0.9328125 0.171875 0.134375
9 0.91875 0.91171875 0.128125 0.165625
9 0.80390625 0.821875 0.1546875 0.184375
9 0.9234375 0.678125 0.146875 0.2234375
9 0.959375 0.51328125 0.08125 0.1640625
9 0.91484375 0.30703125 0.11875 0.13125
9 0.771875 0.16640625 0.1390625 0.1578125
9 0.3015625 0.140625 0.1765625 0.1765625
9 0.25703125 0.05390625 0.1953125 0.1078125
9 0.409375 0.0421875 0.134375 0.084375
9 0.571875 0.11953125 0.15 0.16875
9 0.7046875 0.08203125 0.15625 0.146875
9 0.13125 0.1140625 0.1796875 0.1625
9 0.184375 0.26484375 0.1546875 0.1015625