9 0.19609375 0.58125 0.24375 0.384375
9 0.4578125 0.378125 0.2546875 0.225
9 0.390625 0.72421875 0.23203125 0.3265625
9 0.365625 0.4921875 0.1515625 0.15703125
9 0.5578125 0.56953125 0.2359375 0.2296875
9 0.5890625 0.27578125 0.19765625 0.1984375
9 0.59296875 0.91875 0.2125 0.153125
9 0.80390625 0.92734375 0.1640625 0.1453125
9 0.93984375 0.8890625 0.1203125 0.16015625
9 0.8203125 0.80546875 0.1453125 0.1765625
9 0.93203125 0.65546875 0.1359375 0.2171875
9 0.96171875 0.48984375 0.0765625 0.1609375
9 0.90390625 0.2859375 0.1125 0.125
9 0.75390625 0.15234375 0.13203125 0.1515625
9 0.2828125 0.1515625 0.1671875 0.16875
9 0.234375 0.05859375 0.18984375 0.1171875
9 0.3859375 0.04375 0.13046875 0.08671875
9 0.5515625 0.11640625 0.1421875 0.1609375
9 0.6828125 0.071875 0.14921875 0.13984375
9 0.11171875 0.13359375 0.171875 0.15390625
9 0.17265625 0.28203125 0.15 0.09453125