9 0.39453125 0.84375 0.13515625 0.24921875
9 0.5140625 0.890625 0.1328125 0.215625
9 0.2796875 0.60625 0.12265625 0.23359375
9 0.375 0.5953125 0.09453125 0.25
9 0.58984375 0.66875 0.19921875 0.23125
9 0.42578125 0.33203125 0.134375 0.26015625
9 0.53984375 0.26953125 0.20390625 0.2375
9 0.30234375 0.36640625 0.1234375 0.30390625
9 0.2828125 0.20625 0.1015625 0.2
9 0.875 0.43125 0.07109375 0.15859375
9 0.94453125 0.4390625 0.103125 0.14296875
9 0.915625 0.22421875 0.0984375 0.25
9 0.9671875 0.175 0.065625 0.17578125