9 0.46171875 0.8578125 0.1796875 0.2703125
9 0.58828125 0.88046875 0.171875 0.2375
9 0.30390625 0.64609375 0.165625 0.253125
9 0.3953125 0.6171875 0.140625 0.2640625
9 0.6203125 0.6484375 0.2390625 0.265625
9 0.3953125 0.34921875 0.18125 0.28125
9 0.4953125 0.26640625 0.2453125 0.271875
9 0.28046875 0.40625 0.1796875 0.321875
9 0.23046875 0.253125 0.1375 0.215625
9 0.8546875 0.3609375 0.1 0.16875
9 0.925 0.35546875 0.128125 0.159375
9 0.85546875 0.15 0.14375 0.2640625
9 0.896875 0.0921875 0.0984375 0.184375