9 0.459375 0.60625 0.22421875 0.25
9 0.3015625 0.3796875 0.19921875 0.2359375
9 0.19765625 0.5234375 0.21484375 0.25625
9 0.234375 0.74453125 0.203125 0.21015625
9 0.33515625 0.88828125 0.18359375 0.2234375
9 0.46171875 0.90546875 0.15078125 0.1890625
9 0.62578125 0.76640625 0.178125 0.275
9 0.6546875 0.92421875 0.20234375 0.15078125
9 0.7859375 0.71015625 0.16796875 0.32734375
9 0.62109375 0.44375 0.1640625 0.31640625
9 0.78125 0.3625 0.16484375 0.325
9 0.4625 0.353125 0.17265625 0.30625
9 0.31640625 0.1640625 0.215625 0.23828125
9 0.521875 0.121875 0.18984375 0.22890625
9 0.6640625 0.1421875 0.14296875 0.2828125