9 0.4484375 0.6015625 0.2484375 0.271875
9 0.31484375 0.359375 0.2234375 0.25625
9 0.196875 0.49140625 0.240625 0.2765625
9 0.21015625 0.715625 0.2234375 0.2296875
9 0.2953125 0.86875 0.20625 0.240625
9 0.41953125 0.8984375 0.1703125 0.203125
9 0.596875 0.778125 0.20625 0.2921875
9 0.60859375 0.92578125 0.2171875 0.1484375
9 0.7625 0.7390625 0.2015625 0.34375
9 0.6265625 0.45703125 0.196875 0.33125
9 0.79375 0.39296875 0.1984375 0.340625
9 0.478125 0.35 0.203125 0.321875
9 0.35234375 0.146875 0.2390625 0.259375
9 0.5609375 0.1265625 0.2125 0.246875
9 0.70078125 0.1609375 0.171875 0.296875