10 0.14921875 0.48046875 0.2171875 0.29375
10 0.34453125 0.45625 0.1953125 0.240625
10 0.53359375 0.140625 0.2125 0.2796875
10 0.7609375 0.3046875 0.2484375 0.3515625
10 0.671875 0.4703125 0.15 0.2265625
10 0.5078125 0.38125 0.240625 0.2546875
10 0.51796875 0.57890625 0.1875 0.2046875
10 0.73359375 0.68515625 0.1421875 0.1671875
10 0.25078125 0.2359375 0.1484375 0.221875
10 0.35625 0.53984375 0.178125 0.159375
10 0.57109375 0.62578125 0.1203125 0.1703125
10 0.04140625 0.1484375 0.0734375 0.1609375