10 0.4 0.36796875 0.13125 0.08125
10 0.34296875 0.4109375 0.10390625 0.084375
10 0.43828125 0.42421875 0.07890625 0.065625
10 0.41328125 0.53125 0.1109375 0.10390625
10 0.19609375 0.575 0.06640625 0.0609375
10 0.35703125 0.5375 0.059375 0.0734375
10 0.41875 0.71875 0.11640625 0.08671875
10 0.54375 0.65 0.11484375 0.07578125
10 0.653125 0.7390625 0.13359375 0.09921875
10 0.740625 0.73125 0.09609375 0.08359375
10 0.70078125 0.61015625 0.1 0.0703125
10 0.39609375 0.790625 0.0984375 0.08046875
10 0.25703125 0.76484375 0.10859375 0.07578125
10 0.309375 0.71796875 0.09296875 0.07578125
10 0.23203125 0.64765625 0.0890625 0.0640625
10 0.178125 0.60234375 0.0453125 0.0546875