10 0.7875 0.83359375 0.2703125 0.25625
10 0.92578125 0.70078125 0.1484375 0.2234375
10 0.175 0.82421875 0.2578125 0.2609375
10 0.10078125 0.5078125 0.2015625 0.29375
10 0.16328125 0.66171875 0.1203125 0.1265625
10 0.11171875 0.64921875 0.1171875 0.1203125
10 0.21796875 0.3484375 0.25 0.24375
10 0.56640625 0.5078125 0.2640625 0.25
10 0.7734375 0.5515625 0.2546875 0.2625
10 0.64296875 0.60234375 0.09375 0.090625
10 0.465625 0.57109375 0.0953125 0.1
10 0.875 0.34296875 0.209375 0.20625
10 0.61953125 0.33359375 0.25 0.253125
10 0.3328125 0.18984375 0.1953125 0.225