10 0.6984375 0.89296875 0.22734375 0.20703125
10 0.9046875 0.80859375 0.190625 0.1828125
10 0.10625 0.7359375 0.21171875 0.215625
10 0.0921875 0.40625 0.18359375 0.25625
10 0.134375 0.57578125 0.0984375 0.10546875
10 0.0875 0.55078125 0.09609375 0.10078125
10 0.26328125 0.28515625 0.20859375 0.19921875
10 0.5625 0.5234375 0.221875 0.2015625
10 0.753125 0.61640625 0.20859375 0.21796875
10 0.6140625 0.63359375 0.07890625 0.07421875
10 0.44921875 0.5609375 0.07734375 0.08359375
10 0.9015625 0.43828125 0.17421875 0.16953125
10 0.65625 0.3671875 0.20546875 0.21015625
10 0.4125 0.15859375 0.15390625 0.19296875