10 0.40703125 0.36328125 0.1359375 0.0875
10 0.34765625 0.403125 0.1078125 0.0890625
10 0.4421875 0.42109375 0.0828125 0.0703125
10 0.41171875 0.5265625 0.115625 0.109375
10 0.19296875 0.559375 0.06875 0.0640625
10 0.35546875 0.5296875 0.0625 0.0765625
10 0.40703125 0.7140625 0.1203125 0.0921875
10 0.5359375 0.65234375 0.11875 0.08125
10 0.640625 0.746875 0.1390625 0.10625
10 0.728125 0.74375 0.1 0.0890625
10 0.69453125 0.6203125 0.103125 0.075
10 0.38125 0.78515625 0.103125 0.0859375
10 0.24375 0.7515625 0.1125 0.08125
10 0.2984375 0.7078125 0.096875 0.08125
10 0.225 0.63359375 0.0921875 0.06875
10 0.1734375 0.58515625 0.0484375 0.05625