10 0.14921875 0.48671875 0.21171875 0.28984375
10 0.34375 0.45859375 0.190625 0.2375
10 0.52734375 0.13984375 0.20703125 0.27578125
10 0.7578125 0.3 0.24296875 0.34765625
10 0.67109375 0.4671875 0.146875 0.2234375
10 0.50546875 0.38125 0.23671875 0.25
10 0.51953125 0.57890625 0.18359375 0.2015625
10 0.73671875 0.68125 0.13984375 0.1640625
10 0.24609375 0.240625 0.1453125 0.21875
10 0.35703125 0.5421875 0.175 0.15625
10 0.5734375 0.62421875 0.1171875 0.16796875
10 0.03515625 0.15625 0.0703125 0.159375