10 0.14765625 0.715625 0.215625 0.309375
10 0.33828125 0.6109375 0.2125 0.2734375
10 0.1953125 0.3640625 0.17890625 0.28671875
10 0.41484375 0.3953125 0.18984375 0.296875
10 0.7421875 0.83125 0.1828125 0.32109375
10 0.9203125 0.5640625 0.15625 0.2359375
10 0.7203125 0.5296875 0.16796875 0.21015625
10 0.38203125 0.91796875 0.2328125 0.1640625
10 0.5 0.24375 0.1734375 0.25625
10 0.25390625 0.17578125 0.18125 0.24375
10 0.38671875 0.24921875 0.1296875 0.196875
10 0.58828125 0.08125 0.15390625 0.14140625
10 0.6140625 0.21015625 0.13671875 0.190625
10 0.58828125 0.36640625 0.1734375 0.25078125
10 0.52265625 0.4953125 0.1984375 0.2859375
10 0.5171875 0.70078125 0.22265625 0.290625
10 0.30546875 0.425 0.11796875 0.21953125