10 0.5140625 0.190625 0.12109375 0.24296875
10 0.6171875 0.09921875 0.1328125 0.1984375
10 0.75234375 0.121875 0.16953125 0.24296875
10 0.853125 0.3203125 0.096875 0.21484375
10 0.86953125 0.68671875 0.1109375 0.19296875
10 0.70703125 0.92734375 0.12734375 0.1390625
10 0.590625 0.7828125 0.14609375 0.28359375
10 0.6421875 0.565625 0.1203125 0.2234375
10 0.61796875 0.40546875 0.1171875 0.2046875
10 0.4 0.69296875 0.12578125 0.22890625
10 0.4 0.48046875 0.14765625 0.25390625
10 0.2484375 0.3890625 0.14921875 0.27578125
10 0.1953125 0.7796875 0.1203125 0.18515625
10 0.2609375 0.615625 0.125 0.23828125
10 0.2328125 0.9421875 0.08984375 0.115625
10 0.32734375 0.9515625 0.121875 0.08515625
10 0.4296875 0.97109375 0.10234375 0.05
10 0.44296875 0.85625 0.1265625 0.19296875
10 0.35625 0.85703125 0.0890625 0.153125
10 0.50390625 0.6125 0.11015625 0.17890625
10 0.51328125 0.4078125 0.11953125 0.2359375
10 0.43203125 0.27734375 0.096875 0.13828125
10 0.440625 0.0796875 0.11015625 0.15859375
10 0.92265625 0.27265625 0.09140625 0.17734375
10 0.875 0.4625 0.07578125 0.15
10 0.93828125 0.86484375 0.0828125 0.1609375