10 0.22109375 0.746875 0.2359375 0.31875
10 0.13515625 0.59296875 0.1859375 0.265625
10 0.12578125 0.5046875 0.1890625 0.234375
10 0.4484375 0.73046875 0.225 0.3375
10 0.65703125 0.8265625 0.2609375 0.3265625
10 0.86171875 0.64375 0.225 0.303125
10 0.76171875 0.3984375 0.2375 0.321875
10 0.6609375 0.64765625 0.2453125 0.2484375
10 0.5 0.43515625 0.2390625 0.296875
10 0.61484375 0.271875 0.175 0.2171875
10 0.4390625 0.17265625 0.2359375 0.259375
10 0.31953125 0.334375 0.2046875 0.234375
10 0.30390625 0.5328125 0.2015625 0.2796875