10 0.22578125 0.7515625 0.23046875 0.31484375
10 0.13671875 0.59921875 0.18203125 0.2625
10 0.12578125 0.5109375 0.18515625 0.23125
10 0.45234375 0.73125 0.21875 0.33359375
10 0.6625 0.8234375 0.25546875 0.321875
10 0.8640625 0.6375 0.21953125 0.3
10 0.76015625 0.39375 0.23203125 0.31796875
10 0.66328125 0.64453125 0.24140625 0.24375
10 0.49921875 0.43515625 0.234375 0.2921875
10 0.6109375 0.26953125 0.17109375 0.2140625
10 0.43359375 0.1734375 0.23125 0.2546875
10 0.31640625 0.3375 0.20078125 0.23125
10 0.3046875 0.5359375 0.19609375 0.27578125