10 0.1515625 0.721875 0.2203125 0.3125
10 0.340625 0.6140625 0.2171875 0.2765625
10 0.19296875 0.36953125 0.184375 0.2890625
10 0.41328125 0.396875 0.1953125 0.3
10 0.74765625 0.82734375 0.1890625 0.325
10 0.9203125 0.55703125 0.159375 0.2390625
10 0.72109375 0.52578125 0.171875 0.2125
10 0.38828125 0.91796875 0.2359375 0.1640625
10 0.4953125 0.24375 0.178125 0.259375
10 0.2484375 0.18046875 0.1859375 0.246875
10 0.38203125 0.2515625 0.1328125 0.1984375
10 0.58125 0.0796875 0.15625 0.14375
10 0.609375 0.20859375 0.140625 0.19375
10 0.5859375 0.36484375 0.178125 0.253125
10 0.52265625 0.49453125 0.203125 0.2890625
10 0.5203125 0.70078125 0.228125 0.29375
10 0.30390625 0.428125 0.121875 0.221875