10 0.48671875 0.190625 0.1421875 0.253125
10 0.58125 0.09765625 0.15 0.1953125
10 0.71875 0.11484375 0.190625 0.2296875
10 0.8359375 0.28984375 0.115625 0.221875
10 0.884375 0.65390625 0.1265625 0.2015625
10 0.74375 0.9078125 0.1390625 0.15
10 0.61484375 0.77421875 0.1703125 0.2953125
10 0.64765625 0.553125 0.1390625 0.2328125
10 0.609375 0.3953125 0.134375 0.2140625
10 0.4171875 0.70078125 0.1453125 0.2390625
10 0.3984375 0.4890625 0.16875 0.265625
10 0.23984375 0.41171875 0.1734375 0.2875
10 0.22109375 0.80546875 0.1359375 0.1953125
10 0.271875 0.6359375 0.1453125 0.2484375
10 0.271875 0.95078125 0.1 0.0984375
10 0.3671875 0.95859375 0.128125 0.0828125
10 0.4703125 0.97265625 0.10625 0.0546875
10 0.47421875 0.86015625 0.1421875 0.203125
10 0.38828125 0.86796875 0.1015625 0.1609375
10 0.5140625 0.61171875 0.125 0.1875
10 0.50546875 0.40703125 0.1390625 0.2453125
10 0.4125 0.284375 0.1078125 0.146875
10 0.40390625 0.08671875 0.1234375 0.1671875
10 0.9015625 0.23671875 0.10625 0.184375
10 0.8703125 0.4296875 0.0890625 0.15625
10 0.96015625 0.82421875 0.0796875 0.1671875