15 0.659375 0.43828125 0.2125 0.275
15 0.81015625 0.3265625 0.1984375 0.275
15 0.8578125 0.584375 0.159375 0.215625
15 0.925 0.74375 0.15 0.215625
15 0.63828125 0.6625 0.1578125 0.228125
15 0.68046875 0.79375 0.196875 0.2203125
15 0.52421875 0.6640625 0.1578125 0.2046875
15 0.56796875 0.49296875 0.159375 0.2078125
15 0.45703125 0.39375 0.2140625 0.259375
15 0.27265625 0.27890625 0.16875 0.2484375
15 0.16796875 0.32890625 0.1796875 0.26875
15 0.08125 0.21484375 0.1625 0.2765625
15 0.521875 0.09765625 0.1875 0.1953125
15 0.70390625 0.08203125 0.1796875 0.1640625
15 0.76484375 0.1578125 0.2015625 0.2625
15 0.61171875 0.15234375 0.1875 0.225
15 0.45234375 0.2015625 0.16875 0.2203125