15 0.66796875 0.46953125 0.16875 0.24765625
15 0.8375 0.3890625 0.15390625 0.25078125
15 0.83515625 0.65078125 0.12421875 0.19609375
15 0.890625 0.82421875 0.15546875 0.18984375
15 0.6046875 0.6859375 0.11953125 0.20859375
15 0.62109375 0.82265625 0.1625 0.19296875
15 0.4921875 0.665625 0.125 0.18359375
15 0.56796875 0.50625 0.1265625 0.1875
15 0.478125 0.3875 0.1734375 0.23046875
15 0.31875 0.23984375 0.128125 0.228125
15 0.20703125 0.26875 0.134375 0.24765625
15 0.11875 0.1359375 0.16875 0.2484375
15 0.6 0.10546875 0.15625 0.1765625
15 0.78203125 0.1171875 0.15078125 0.1625
15 0.825 0.21484375 0.159375 0.2359375
15 0.67578125 0.1796875 0.1515625 0.19921875
15 0.51015625 0.19765625 0.13359375 0.1984375