16 0.50703125 0.371875 0.2578125 0.359375
16 0.60859375 0.23671875 0.2515625 0.3390625
16 0.80703125 0.59140625 0.278125 0.3578125
16 0.5890625 0.62421875 0.2921875 0.2703125
16 0.55859375 0.78984375 0.4125 0.3703125
16 0.40625 0.58515625 0.275 0.334375
16 0.24140625 0.36015625 0.3625 0.390625
16 0.28984375 0.13984375 0.2921875 0.2625
16 0.1671875 0.62578125 0.3296875 0.321875
16 0.17890625 0.79375 0.3328125 0.4125
16 0.4421875 0.87578125 0.353125 0.2484375
16 0.7703125 0.21796875 0.21875 0.3203125
16 0.76015625 0.4359375 0.3125 0.2796875