16 0.3484375 0.2109375 0.1046875 0.24375
16 0.44765625 0.23828125 0.13828125 0.18203125
16 0.38671875 0.37109375 0.0984375 0.20625
16 0.2875 0.45546875 0.1234375 0.14765625
16 0.24453125 0.31171875 0.1578125 0.1953125
16 0.2359375 0.59453125 0.10859375 0.2078125
16 0.34375 0.571875 0.11875 0.2421875
16 0.56640625 0.525 0.13671875 0.17578125
16 0.68203125 0.39296875 0.11875 0.1609375
16 0.67578125 0.5078125 0.11484375 0.1671875
16 0.734375 0.61328125 0.0875 0.209375
16 0.5390625 0.39140625 0.14140625 0.14375
16 0.478125 0.61875 0.1390625 0.1984375
16 0.5125 0.7234375 0.1296875 0.1453125
16 0.64453125 0.63046875 0.12734375 0.1953125
16 0.60234375 0.77578125 0.15234375 0.1734375