16 0.578125 0.40625 0.1703125 0.2890625
16 0.778125 0.43671875 0.1625 0.259375
16 0.6828125 0.61875 0.184375 0.19375
16 0.55703125 0.7625 0.1921875 0.2203125
16 0.48828125 0.60625 0.1984375 0.2328125
16 0.38359375 0.69921875 0.2171875 0.2609375
16 0.3484375 0.59609375 0.2015625 0.259375
16 0.38046875 0.40234375 0.15625 0.2703125
16 0.4796875 0.4375 0.1453125 0.2390625
16 0.59609375 0.22578125 0.1390625 0.196875
16 0.47109375 0.2296875 0.1796875 0.28125
16 0.30546875 0.484375 0.1953125 0.215625
16 0.2921875 0.2125 0.1609375 0.21875