16 0.73515625 0.1546875 0.13671875 0.20390625
16 0.63671875 0.1890625 0.109375 0.13359375
16 0.575 0.06015625 0.1109375 0.11953125
16 0.553125 0.14765625 0.10234375 0.13359375
16 0.62265625 0.28828125 0.1140625 0.14453125
16 0.58203125 0.3359375 0.0984375 0.14375
16 0.653125 0.409375 0.103125 0.11171875
16 0.62265625 0.5125 0.11015625 0.12578125
16 0.6390625 0.58984375 0.1265625 0.128125
16 0.63515625 0.7296875 0.1359375 0.1375
16 0.6390625 0.93046875 0.11484375 0.1078125
16 0.52109375 0.87578125 0.103125 0.15546875
16 0.5734375 0.69140625 0.11640625 0.1921875
16 0.546875 0.55703125 0.090625 0.1234375
16 0.54140625 0.46171875 0.1015625 0.121875
16 0.51640625 0.3671875 0.08671875 0.1328125
16 0.52265625 0.259375 0.10625 0.15703125
16 0.4515625 0.1421875 0.09296875 0.1578125
16 0.465625 0.0375 0.140625 0.075
16 0.346875 0.0703125 0.13046875 0.121875
16 0.09765625 0.1859375 0.14921875 0.16171875
16 0.33671875 0.16640625 0.1109375 0.140625
16 0.3453125 0.48359375 0.109375 0.16484375
16 0.34765625 0.5859375 0.1203125 0.1421875
16 0.3015625 0.68984375 0.12890625 0.14609375
16 0.45390625 0.7109375 0.10703125 0.14921875
16 0.47421875 0.6125 0.1109375 0.1265625
16 0.44453125 0.509375 0.12734375 0.12421875
16 0.4359375 0.2765625 0.10078125 0.1859375
16 0.4421875 0.4078125 0.125 0.121875
16 0.0609375 0.04453125 0.121875 0.0890625
16 0.14921875 0.05078125 0.1078125 0.1015625
16 0.22109375 0.05234375 0.09921875 0.1046875
16 0.0625 0.7328125 0.12421875 0.165625
16 0.2421875 0.7890625 0.1171875 0.1296875
16 0.321875 0.84609375 0.13046875 0.13125
16 0.415625 0.88359375 0.0859375 0.159375
16 0.24375 0.9046875 0.12734375 0.13515625
16 0.1703125 0.9265625 0.10703125 0.11875
16 0.13359375 0.85078125 0.159375 0.1140625
16 0.05546875 0.90234375 0.1109375 0.1796875