16 0.52734375 0.478125 0.1265625 0.0734375
16 0.19140625 0.03203125 0.0890625 0.0640625
16 0.2484375 0.04921875 0.103125 0.0828125
16 0.3203125 0.05078125 0.1109375 0.06875
16 0.4359375 0.06640625 0.115625 0.0671875
16 0.5015625 0.0859375 0.1203125 0.075
16 0.59453125 0.0609375 0.1390625 0.0734375
16 0.659375 0.06328125 0.075 0.0546875
16 0.76171875 0.08125 0.1015625 0.0921875
16 0.809375 0.0921875 0.0953125 0.059375
16 0.925 0.121875 0.0828125 0.04375
16 0.96796875 0.13046875 0.0640625 0.0796875
16 0.0828125 0.07734375 0.06875 0.0953125
16 0.15625 0.06484375 0.0734375 0.071875
16 0.203125 0.09140625 0.1015625 0.0859375
16 0.259375 0.09765625 0.0703125 0.0890625
16 0.2953125 0.1265625 0.0953125 0.0890625
16 0.3609375 0.1375 0.1171875 0.0890625
16 0.425 0.11328125 0.084375 0.0828125
16 0.48125 0.13125 0.096875 0.0984375
16 0.5421875 0.1390625 0.084375 0.0734375
16 0.58671875 0.11171875 0.084375 0.0828125
16 0.65703125 0.13984375 0.0984375 0.0734375
16 0.74609375 0.20390625 0.090625 0.0921875
16 0.846875 0.1640625 0.0890625 0.05625
16 0.915625 0.1890625 0.06875 0.0609375
16 0.10078125 0.16015625 0.1203125 0.0765625
16 0.16171875 0.1515625 0.10625 0.0953125
16 0.228125 0.178125 0.0859375 0.059375
16 0.2984375 0.22578125 0.1109375 0.0890625
16 0.35625 0.19453125 0.103125 0.1
16 0.4796875 0.2046875 0.084375 0.0734375
16 0.54140625 0.2234375 0.0734375 0.0921875
16 0.61015625 0.22578125 0.1046875 0.090625
16 0.675 0.1921875 0.10625 0.0921875
16 0.8453125 0.21484375 0.1015625 0.065625
16 0.93828125 0.23046875 0.1078125 0.0796875
16 0.859375 0.27421875 0.13125 0.0796875
16 0.90859375 0.3046875 0.0953125 0.0609375
16 0.95703125 0.3171875 0.0828125 0.0671875
16 0.7359375 0.25703125 0.115625 0.08125
16 0.68125 0.30859375 0.1390625 0.078125
16 0.58671875 0.27109375 0.1234375 0.0828125
16 0.49140625 0.29765625 0.1453125 0.0734375
16 0.39921875 0.31328125 0.096875 0.0515625
16 0.3140625 0.3 0.10625 0.1078125
16 0.25 0.23828125 0.1046875 0.0828125
16 0.25859375 0.2875 0.071875 0.090625
16 0.209375 0.2796875 0.084375 0.08125
16 0.13203125 0.28828125 0.10625 0.1046875
16 0.0625 0.28359375 0.0890625 0.1296875
16 0.1765625 0.35703125 0.1 0.1171875
16 0.23359375 0.36328125 0.0859375 0.0703125
16 0.37734375 0.36875 0.1546875 0.0921875
16 0.47265625 0.378125 0.084375 0.0890625
16 0.559375 0.39296875 0.1109375 0.1015625
16 0.62734375 0.365625 0.1203125 0.115625
16 0.71328125 0.4015625 0.0703125 0.08125
16 0.7578125 0.3921875 0.11875 0.1109375
16 0.80234375 0.36875 0.11875 0.1046875
16 0.93671875 0.4203125 0.1234375 0.10625
16 0.8515625 0.42109375 0.1 0.0859375
16 0.615625 0.53046875 0.10625 0.1015625
16 0.73125 0.53359375 0.1265625 0.0984375
16 0.7625 0.571875 0.128125 0.0890625
16 0.8296875 0.57109375 0.1109375 0.115625
16 0.359375 0.4453125 0.11875 0.0921875
16 0.4265625 0.428125 0.096875 0.084375
16 0.29140625 0.428125 0.10625 0.11875
16 0.2390625 0.47265625 0.1578125 0.103125
16 0.1796875 0.50703125 0.1171875 0.096875
16 0.2546875 0.5421875 0.1203125 0.1140625
16 0.3578125 0.54921875 0.1015625 0.075
16 0.45546875 0.60546875 0.1390625 0.1109375
16 0.5078125 0.54140625 0.1421875 0.1109375
16 0.6375 0.6109375 0.1140625 0.1125
16 0.70234375 0.615625 0.134375 0.1171875
16 0.88359375 0.65625 0.128125 0.0953125
16 0.7984375 0.728125 0.11875 0.103125
16 0.8640625 0.72421875 0.1296875 0.1109375
16 0.6078125 0.675 0.1578125 0.1046875
16 0.48359375 0.71328125 0.128125 0.1109375
16 0.5984375 0.7578125 0.1375 0.11875
16 0.778125 0.79453125 0.15 0.1015625
16 0.890625 0.784375 0.140625 0.14375
16 0.25546875 0.71171875 0.1390625 0.1015625
16 0.396875 0.67578125 0.125 0.1078125
16 0.2484375 0.5953125 0.0984375 0.0796875
16 0.1 0.67734375 0.1359375 0.1078125
16 0.03515625 0.69609375 0.0703125 0.1046875
16 0.075 0.75078125 0.146875 0.1109375
16 0.2421875 0.80859375 0.134375 0.134375
16 0.325 0.83671875 0.128125 0.1328125
16 0.396875 0.80078125 0.1375 0.121875
16 0.5078125 0.8625 0.1296875 0.1328125
16 0.640625 0.8953125 0.159375 0.1203125
16 0.796875 0.88125 0.128125 0.1234375
16 0.56484375 0.9421875 0.1546875 0.096875
16 0.67421875 0.94765625 0.1390625 0.1046875
16 0.76640625 0.96484375 0.1734375 0.0703125
16 0.271875 0.91484375 0.2 0.1046875
16 0.16640625 0.90625 0.1421875 0.0953125
16 0.1 0.8515625 0.171875 0.1125
16 0.04375 0.890625 0.0875 0.109375