16 0.5234375 0.4609375 0.08203125 0.07265625
16 0.49296875 0.5078125 0.08515625 0.05078125
16 0.56328125 0.553125 0.11171875 0.05078125
16 0.47890625 0.55078125 0.11015625 0.0609375
16 0.7171875 0.55390625 0.0796875 0.04296875
16 0.8125 0.57578125 0.06953125 0.04375
16 0.634375 0.56875 0.0734375 0.04921875
16 0.5671875 0.50390625 0.07890625 0.03359375
16 0.21015625 0.678125 0.115625 0.05390625
16 0.28671875 0.6734375 0.07421875 0.0484375
16 0.39765625 0.66015625 0.0921875 0.0515625
16 0.54296875 0.73203125 0.09375 0.06875
16 0.68671875 0.71875 0.11875 0.0640625
16 0.95390625 0.725 0.08671875 0.05703125
16 0.75625 0.77890625 0.1265625 0.08671875
16 0.828125 0.79609375 0.14765625 0.065625
16 0.89140625 0.84453125 0.075 0.065625
16 0.7921875 0.8375 0.13515625 0.0859375
16 0.7453125 0.890625 0.1171875 0.096875
16 0.859375 0.9515625 0.16484375 0.0859375
16 0.62734375 0.80859375 0.15390625 0.0765625
16 0.51640625 0.82890625 0.12578125 0.06484375
16 0.578125 0.87578125 0.11015625 0.0859375
16 0.3734375 0.77109375 0.121875 0.07109375
16 0.4453125 0.7515625 0.1296875 0.0671875
16 0.27265625 0.80234375 0.09609375 0.0578125
16 0.2328125 0.82734375 0.14296875 0.075
16 0.23203125 0.88046875 0.13671875 0.07109375
16 0.16796875 0.74765625 0.1046875 0.08203125
16 0.2234375 0.71015625 0.125 0.06484375
16 0.09140625 0.77890625 0.11015625 0.08671875
16 0.028125 0.78828125 0.05625 0.09609375
16 0.0578125 0.659375 0.115625 0.06875
16 0.6640625 0.5109375 0.10078125 0.05625
16 0.859375 0.54609375 0.08828125 0.0578125