16 0.24453125 0.125 0.06015625 0.08203125
16 0.3453125 0.17109375 0.090625 0.08203125
16 0.36796875 0.2140625 0.059375 0.103125
16 0.6203125 0.2015625 0.06875 0.128125
16 0.6609375 0.1546875 0.08046875 0.084375
16 0.7015625 0.1328125 0.06875 0.0890625
16 0.5484375 0.265625 0.09375 0.07265625
16 0.43984375 0.26875 0.071875 0.08359375
16 0.44609375 0.20859375 0.065625 0.115625
16 0.1328125 0.328125 0.07890625 0.08046875
16 0.1609375 0.37109375 0.05703125 0.0828125
16 0.24921875 0.2390625 0.04609375 0.0890625
16 0.221875 0.3328125 0.07734375 0.08125
16 0.25703125 0.340625 0.0484375 0.06328125
16 0.31875 0.2984375 0.0546875 0.1078125
16 0.36015625 0.35625 0.071875 0.0796875
16 0.4015625 0.36640625 0.0609375 0.0875
16 0.4640625 0.38671875 0.071875 0.09453125
16 0.4765625 0.325 0.0578125 0.06953125
16 0.5703125 0.43125 0.08828125 0.115625
16 0.64375 0.3015625 0.05234375 0.14140625
16 0.70546875 0.2140625 0.07265625 0.11171875
16 0.76875 0.246875 0.06171875 0.11953125
16 0.8625 0.240625 0.046875 0.08515625
16 0.9203125 0.28359375 0.04609375 0.13984375
16 0.67578125 0.3953125 0.05703125 0.1359375
16 0.2359375 0.44296875 0.06171875 0.0859375
16 0.28828125 0.40625 0.04453125 0.1140625
16 0.321875 0.528125 0.07421875 0.08046875
16 0.34921875 0.58515625 0.075 0.08828125
16 0.42109375 0.4875 0.05 0.10625
16 0.4015625 0.43359375 0.06875 0.1015625
16 0.4828125 0.5125 0.06875 0.071875
16 0.13671875 0.496875 0.0703125 0.09765625
16 0.08203125 0.39921875 0.06015625 0.08203125
16 0.0640625 0.25234375 0.07421875 0.07734375
16 0.0484375 0.39609375 0.0765625 0.13203125
16 0.03671875 0.66484375 0.065625 0.13984375
16 0.0921875 0.6515625 0.07890625 0.0796875
16 0.1015625 0.60078125 0.06015625 0.084375
16 0.1671875 0.59609375 0.05234375 0.109375
16 0.19765625 0.5484375 0.07265625 0.1015625
16 0.05078125 0.50234375 0.0734375 0.08984375
16 0.26015625 0.63984375 0.08828125 0.0828125
16 0.21171875 0.64609375 0.06015625 0.0875
16 0.2671875 0.50859375 0.05859375 0.11015625
16 0.31015625 0.6125 0.0609375 0.1125
16 0.37734375 0.6703125 0.0640625 0.12109375
16 0.40390625 0.63984375 0.05078125 0.12109375
16 0.41953125 0.70703125 0.0640625 0.11796875
16 0.4828125 0.64140625 0.05546875 0.13984375
16 0.53203125 0.5921875 0.053125 0.1203125
16 0.63125 0.5171875 0.0640625 0.1078125
16 0.6390625 0.56796875 0.07734375 0.08359375
16 0.696875 0.60546875 0.06328125 0.1203125
16 0.7296875 0.52578125 0.06015625 0.07578125
16 0.73828125 0.47421875 0.071875 0.109375
16 0.7875 0.4953125 0.0578125 0.0875
16 0.77578125 0.40859375 0.0953125 0.08828125
16 0.85234375 0.44765625 0.06328125 0.0828125
16 0.890625 0.3484375 0.0515625 0.13203125
16 0.91171875 0.46171875 0.10703125 0.1
16 0.8828125 0.5453125 0.0609375 0.1
16 0.915625 0.5828125 0.05625 0.10546875
16 0.92890625 0.653125 0.05703125 0.1203125
16 0.93359375 0.81171875 0.0734375 0.159375
16 0.8359375 0.78828125 0.0875 0.1203125
16 0.775 0.7359375 0.07890625 0.10703125
16 0.82265625 0.61640625 0.10078125 0.11171875
16 0.753125 0.82578125 0.0734375 0.1546875
16 0.653125 0.70234375 0.0640625 0.11640625
16 0.5734375 0.646875 0.0609375 0.0859375
16 0.553125 0.7359375 0.071875 0.121875
16 0.59765625 0.8078125 0.06953125 0.10234375
16 0.65078125 0.79921875 0.10078125 0.13125
16 0.359375 0.76953125 0.0546875 0.11796875
16 0.459375 0.765625 0.08203125 0.10546875
16 0.49765625 0.8015625 0.06328125 0.10234375
16 0.28125 0.72109375 0.059375 0.115625
16 0.24296875 0.83125 0.08359375 0.1296875
16 0.14140625 0.8078125 0.08984375 0.125
16 0.0921875 0.79140625 0.09921875 0.15703125
16 0.109375 0.87109375 0.09375 0.1109375
16 0.19375 0.72578125 0.08046875 0.12421875