16 0.365625 0.36484375 0.321875 0.2109375
16 0.6015625 0.32890625 0.3296875 0.2265625
16 0.83828125 0.390625 0.31875 0.19375
16 0.8625 0.28203125 0.246875 0.175
16 0.76015625 0.1953125 0.2859375 0.2
16 0.53515625 0.2015625 0.2828125 0.225
16 0.26796875 0.24765625 0.4265625 0.1796875
16 0.12734375 0.40234375 0.2546875 0.2421875
16 0.17421875 0.5109375 0.3484375 0.2125
16 0.5203125 0.48984375 0.4546875 0.215625
16 0.8140625 0.5375 0.371875 0.21875
16 0.80078125 0.7078125 0.3984375 0.26875
16 0.54140625 0.66796875 0.4296875 0.334375
16 0.24609375 0.66328125 0.3453125 0.2953125
16 0.16796875 0.8765625 0.2765625 0.246875
16 0.4515625 0.88359375 0.5125 0.2328125
16 0.8375 0.86640625 0.325 0.2296875