16 0.6328125 0.54375 0.15390625 0.18046875
16 0.78984375 0.51875 0.1609375 0.24453125
16 0.815625 0.6578125 0.1265625 0.2171875
16 0.70546875 0.67890625 0.11875 0.15078125
16 0.58203125 0.69765625 0.12734375 0.2046875
16 0.52421875 0.5609375 0.14296875 0.21015625
16 0.64140625 0.390625 0.184375 0.1703125
16 0.26484375 0.459375 0.16015625 0.1296875
16 0.3453125 0.51640625 0.1484375 0.15625
16 0.4078125 0.56640625 0.10234375 0.18125
16 0.33515625 0.68359375 0.14296875 0.19453125
16 0.45625 0.71796875 0.140625 0.215625
16 0.2546875 0.65078125 0.17890625 0.1859375
16 0.17890625 0.57421875 0.1734375 0.1453125