16 0.4328125 0.49453125 0.234375 0.16171875
16 0.6078125 0.4875 0.1984375 0.165625
16 0.746875 0.42265625 0.2109375 0.12578125
16 0.87265625 0.51796875 0.2546875 0.13046875
16 0.715625 0.30703125 0.24609375 0.12265625
16 0.86796875 0.3421875 0.1875 0.11875
16 0.259375 0.515625 0.27890625 0.134375
16 0.40703125 0.6015625 0.21796875 0.1984375
16 0.56953125 0.621875 0.21953125 0.13125
16 0.728125 0.58984375 0.18125 0.128125
16 0.92578125 0.68828125 0.1484375 0.21796875
16 0.778125 0.68359375 0.26015625 0.16171875
16 0.85625 0.81015625 0.28671875 0.221875
16 0.7140625 0.909375 0.23671875 0.16484375
16 0.5703125 0.80390625 0.25 0.16328125
16 0.340625 0.8703125 0.3234375 0.19453125
16 0.4953125 0.9140625 0.38125 0.171875
16 0.19609375 0.715625 0.26484375 0.14609375
16 0.27890625 0.6265625 0.240625 0.140625
16 0.09765625 0.8390625 0.1953125 0.165625
16 0.10703125 0.93984375 0.2140625 0.1203125