16 0.053125 0.61953125 0.10546875 0.20390625
16 0.1546875 0.64296875 0.13046875 0.14921875
16 0.9359375 0.7796875 0.128125 0.1859375
16 0.7765625 0.26953125 0.1171875 0.12734375
16 0.6484375 0.2265625 0.1 0.1625
16 0.715625 0.17421875 0.10625 0.1390625
16 0.83203125 0.19296875 0.109375 0.11328125
16 0.92421875 0.2171875 0.10703125 0.1390625
16 0.82265625 0.1203125 0.1203125 0.146875
16 0.90078125 0.11015625 0.09921875 0.153125
16 0.75390625 0.06328125 0.09609375 0.090625
16 0.6453125 0.1171875 0.0921875 0.09609375