16 0.41484375 0.47890625 0.2734375 0.2375
16 0.53125 0.5453125 0.2375 0.3859375
16 0.678125 0.56171875 0.24375 0.3734375
16 0.790625 0.62265625 0.2140625 0.33125
16 0.89609375 0.61640625 0.2078125 0.3546875
16 0.8953125 0.3734375 0.209375 0.321875
16 0.7875 0.209375 0.290625 0.3421875
16 0.64453125 0.28828125 0.2640625 0.2890625
16 0.51796875 0.13984375 0.2296875 0.2484375
16 0.3265625 0.28046875 0.2640625 0.2859375
16 0.47578125 0.3453125 0.2234375 0.234375
16 0.11640625 0.415625 0.2328125 0.3875
16 0.16171875 0.61328125 0.2625 0.328125
16 0.31640625 0.5953125 0.2390625 0.259375
16 0.43046875 0.78203125 0.29375 0.3328125
16 0.58671875 0.90546875 0.1984375 0.1890625
16 0.709375 0.9375 0.203125 0.125
16 0.76953125 0.8375 0.2359375 0.325
16 0.6796875 0.81640625 0.19375 0.2484375
16 0.0734375 0.7234375 0.146875 0.365625
16 0.259375 0.81171875 0.2375 0.3125
16 0.215625 0.1578125 0.225 0.315625
16 0.39609375 0.08515625 0.1953125 0.1703125