16 0.48203125 0.503125 0.1171875 0.096875
16 0.575 0.5234375 0.1296875 0.1140625
16 0.5765625 0.4390625 0.1375 0.115625
16 0.6609375 0.54375 0.0921875 0.13125
16 0.8046875 0.51953125 0.0984375 0.06875
16 0.746875 0.459375 0.1234375 0.1015625
16 0.659375 0.171875 0.0765625 0.08125
16 0.678125 0.1078125 0.084375 0.1140625
16 0.765625 0.10859375 0.1625 0.078125
16 0.7453125 0.16796875 0.1125 0.103125
16 0.55859375 0.26640625 0.1171875 0.1046875
16 0.54609375 0.14765625 0.109375 0.0984375
16 0.59609375 0.18828125 0.1046875 0.1171875
16 0.7046875 0.2203125 0.1015625 0.0984375
16 0.296875 0.37578125 0.128125 0.1140625
16 0.41015625 0.3640625 0.084375 0.0796875
16 0.34453125 0.2515625 0.1390625 0.0953125
16 0.42578125 0.26484375 0.1171875 0.1
16 0.2109375 0.44921875 0.08125 0.0859375
16 0.3 0.52421875 0.128125 0.1140625
16 0.40234375 0.55703125 0.1375 0.128125
16 0.3734375 0.45390625 0.1328125 0.0921875
16 0.44765625 0.41484375 0.15 0.1
16 0.559375 0.6171875 0.171875 0.1265625
16 0.93125 0.5796875 0.1265625 0.190625
16 0.91875 0.66796875 0.146875 0.1515625
16 0.828125 0.63125 0.1296875 0.1140625
16 0.90234375 0.45234375 0.1171875 0.1171875
16 0.921875 0.3328125 0.1140625 0.096875