16 0.4421875 0.37265625 0.15625 0.2296875
16 0.52578125 0.30390625 0.115625 0.1484375
16 0.665625 0.40078125 0.178125 0.171875
16 0.6578125 0.4734375 0.15 0.1453125
16 0.6390625 0.5625 0.209375 0.1734375
16 0.7421875 0.65 0.146875 0.184375
16 0.60234375 0.6703125 0.1765625 0.1828125
16 0.478125 0.5484375 0.1921875 0.1875
16 0.553125 0.43203125 0.1390625 0.1875
16 0.30234375 0.534375 0.1703125 0.275
16 0.425 0.6765625 0.203125 0.2078125
16 0.1859375 0.62421875 0.1515625 0.171875
16 0.27421875 0.671875 0.115625 0.1171875