16 0.45078125 0.4765625 0.1125 0.1390625
16 0.7171875 0.61015625 0.1328125 0.15625
16 0.62890625 0.51328125 0.153125 0.1765625
16 0.709375 0.49375 0.13125 0.159375
16 0.85078125 0.72265625 0.1578125 0.2046875
16 0.89453125 0.834375 0.1296875 0.1234375
16 0.9546875 0.80859375 0.090625 0.1765625
16 0.97265625 0.74453125 0.0546875 0.1984375
16 0.9390625 0.6578125 0.121875 0.203125
16 0.80546875 0.52421875 0.1296875 0.1546875
16 0.80078125 0.60234375 0.146875 0.16875
16 0.60703125 0.7515625 0.1734375 0.1421875
16 0.6921875 0.7171875 0.15625 0.175
16 0.7609375 0.75859375 0.1546875 0.1515625
16 0.7625 0.834375 0.159375 0.1765625
16 0.6578125 0.784375 0.18125 0.1765625
16 0.425 0.728125 0.125 0.175
16 0.4984375 0.734375 0.14375 0.1765625
16 0.559375 0.64453125 0.146875 0.1484375
16 0.37890625 0.55078125 0.159375 0.171875
16 0.28984375 0.51640625 0.1171875 0.10625
16 0.3109375 0.3296875 0.10625 0.1140625
16 0.44609375 0.3953125 0.15625 0.175
16 0.58515625 0.37578125 0.1578125 0.128125
16 0.78359375 0.3296875 0.128125 0.1671875
16 0.20625 0.57109375 0.15625 0.134375
16 0.19765625 0.63359375 0.1078125 0.1078125
16 0.2609375 0.62734375 0.0890625 0.10625
16 0.3109375 0.62734375 0.153125 0.1546875
16 0.30703125 0.73515625 0.1375 0.1609375
16 0.35546875 0.86328125 0.1609375 0.165625
16 0.39921875 0.9375 0.1609375 0.125
16 0.49453125 0.925 0.1859375 0.15
16 0.553125 0.85703125 0.1578125 0.1546875
16 0.29140625 0.946875 0.1609375 0.10625
16 0.1953125 0.90234375 0.153125 0.159375
16 0.26640625 0.87734375 0.146875 0.1734375
16 0.11640625 0.7890625 0.13125 0.1265625
16 0.1890625 0.75703125 0.134375 0.1671875
16 0.10703125 0.67578125 0.1375 0.115625
16 0.0734375 0.603125 0.146875 0.146875
16 0.1171875 0.5078125 0.1203125 0.1484375
16 0.2203125 0.39453125 0.165625 0.1765625
16 0.93359375 0.49453125 0.0984375 0.146875
16 0.94453125 0.45390625 0.1109375 0.2328125