16 0.2640625 0.19765625 0.121875 0.1140625
16 0.3421875 0.134375 0.1171875 0.1390625
16 0.43359375 0.13671875 0.0875 0.11875
16 0.49765625 0.1765625 0.0921875 0.109375
16 0.57421875 0.1921875 0.1140625 0.1265625
16 0.559375 0.278125 0.1234375 0.140625
16 0.646875 0.71171875 0.0953125 0.15625
16 0.7140625 0.79609375 0.1609375 0.159375
16 0.74609375 0.68203125 0.121875 0.175
16 0.54921875 0.69140625 0.1046875 0.1578125
16 0.5375 0.81953125 0.196875 0.178125
16 0.1921875 0.24453125 0.0953125 0.1171875
16 0.23359375 0.28671875 0.1109375 0.1
16 0.21640625 0.3640625 0.1015625 0.1359375
16 0.29453125 0.2984375 0.11875 0.1421875
16 0.40859375 0.29609375 0.134375 0.1203125
16 0.50390625 0.31171875 0.1234375 0.1453125
16 0.56484375 0.3890625 0.128125 0.1671875
16 0.67421875 0.403125 0.1375 0.16875
16 0.63046875 0.28203125 0.096875 0.1203125
16 0.47109375 0.39609375 0.084375 0.1515625
16 0.3828125 0.42265625 0.11875 0.2109375
16 0.4234375 0.5109375 0.078125 0.14375
16 0.51328125 0.49765625 0.0734375 0.1078125