16 0.47265625 0.30703125 0.1265625 0.26640625
16 0.56875 0.3125 0.103125 0.23046875
16 0.6328125 0.41484375 0.12734375 0.18046875
16 0.68828125 0.31171875 0.11796875 0.23828125
16 0.66640625 0.6015625 0.12890625 0.23984375
16 0.5765625 0.5609375 0.12578125 0.31015625
16 0.5453125 0.7875 0.1984375 0.18984375
16 0.4734375 0.63125 0.1390625 0.21484375
16 0.49765625 0.4828125 0.09609375 0.1546875
16 0.39453125 0.53203125 0.16171875 0.1875
16 0.409375 0.3296875 0.0890625 0.25546875
16 0.3484375 0.2515625 0.10859375 0.2375
16 0.4828125 0.1296875 0.18125 0.18046875
16 0.303125 0.55703125 0.1265625 0.24375
16 0.378125 0.73515625 0.14375 0.25703125