16 0.371875 0.278125 0.3203125 0.23125
16 0.66640625 0.2828125 0.38125 0.1953125
16 0.8890625 0.15 0.221875 0.21875
16 0.7359375 0.11640625 0.2484375 0.2171875
16 0.540625 0.18203125 0.1734375 0.2203125
16 0.32734375 0.096875 0.3109375 0.19375
16 0.15703125 0.17578125 0.2875 0.2640625
16 0.2375 0.3640625 0.3015625 0.215625
16 0.54609375 0.428125 0.3828125 0.184375
16 0.84375 0.39765625 0.2984375 0.209375
16 0.88828125 0.5375 0.2234375 0.225
16 0.72421875 0.559375 0.25625 0.221875
16 0.48359375 0.5375 0.35625 0.1796875
16 0.2546875 0.58828125 0.328125 0.2640625
16 0.4671875 0.66796875 0.315625 0.1765625
16 0.73203125 0.72578125 0.340625 0.19375
16 0.915625 0.70078125 0.1546875 0.2078125
16 0.83828125 0.8265625 0.2921875 0.21875
16 0.584375 0.834375 0.296875 0.225
16 0.70625 0.93203125 0.35625 0.1359375
16 0.4671875 0.8859375 0.353125 0.228125
16 0.29375 0.79453125 0.3 0.2375
16 0.125 0.703125 0.25 0.215625
16 0.10234375 0.87109375 0.2046875 0.2171875
16 0.23984375 0.9296875 0.203125 0.11875