16 0.24453125 0.315625 0.0984375 0.14453125
16 0.32421875 0.36484375 0.10078125 0.13984375
16 0.38203125 0.37421875 0.0703125 0.14609375
16 0.4390625 0.30703125 0.11484375 0.11875
16 0.51328125 0.28984375 0.09296875 0.11875
16 0.5609375 0.22265625 0.09375 0.1640625
16 0.62109375 0.28125 0.0921875 0.146875
16 0.6265625 0.40234375 0.08515625 0.15703125
16 0.71875 0.5078125 0.09453125 0.1140625
16 0.734375 0.60546875 0.0921875 0.1140625
16 0.7359375 0.73125 0.08671875 0.14765625
16 0.6703125 0.68359375 0.09765625 0.128125
16 0.64375 0.6015625 0.1375 0.13671875
16 0.6140625 0.50703125 0.10078125 0.12578125
16 0.56484375 0.54765625 0.0890625 0.140625
16 0.5328125 0.434375 0.0765625 0.11875
16 0.4640625 0.41875 0.090625 0.1140625
16 0.50703125 0.55 0.1140625 0.11875
16 0.5265625 0.6375 0.0921875 0.15625
16 0.58125 0.6625 0.0828125 0.1703125
16 0.409375 0.1359375 0.07734375 0.1234375
16 0.45703125 0.1875 0.08671875 0.10625
16 0.50859375 0.11953125 0.08359375 0.13515625
16 0.46328125 0.0828125 0.0765625 0.13359375
16 0.3265625 0.1015625 0.090625 0.09921875
16 0.32734375 0.20234375 0.09296875 0.1046875
16 0.38359375 0.2515625 0.0890625 0.1140625
16 0.25625 0.196875 0.0890625 0.16953125
16 0.15234375 0.2203125 0.09609375 0.11875
16 0.1765625 0.046875 0.1109375 0.09296875
16 0.23515625 0.0625 0.08203125 0.125
16 0.1078125 0.04375 0.09609375 0.0875
16 0.0921875 0.11328125 0.09140625 0.08671875
16 0.0921875 0.209375 0.14140625 0.11875
16 0.06015625 0.31328125 0.1078125 0.15703125
16 0.1453125 0.3390625 0.1125 0.165625
16 0.12890625 0.43671875 0.09140625 0.11953125
16 0.075 0.4296875 0.09296875 0.1375
16 0.26875 0.4578125 0.115625 0.1171875
16 0.2890625 0.54453125 0.08203125 0.1296875
16 0.3515625 0.5515625 0.08125 0.13984375
16 0.4203125 0.56484375 0.0765625 0.15703125
16 0.3546875 0.6453125 0.1 0.09140625
16 0.44296875 0.69921875 0.1015625 0.11875
16 0.49453125 0.77734375 0.1234375 0.1234375
16 0.61484375 0.7734375 0.10078125 0.0984375
16 0.2609375 0.72109375 0.13828125 0.1578125
16 0.34375 0.75625 0.1015625 0.14375
16 0.20234375 0.634375 0.0828125 0.1453125
16 0.07265625 0.59296875 0.125 0.15078125
16 0.10546875 0.684375 0.08828125 0.16015625
16 0.15234375 0.71484375 0.1046875 0.184375
16 0.13671875 0.80859375 0.13046875 0.159375
16 0.11796875 0.91796875 0.12734375 0.1640625
16 0.1796875 0.9453125 0.1125 0.109375
16 0.25859375 0.9125 0.0859375 0.175
16 0.33671875 0.9359375 0.09140625 0.128125
16 0.3828125 0.86875 0.0796875 0.13671875
16 0.46875 0.91171875 0.12265625 0.15078125
16 0.5859375 0.90546875 0.0796875 0.1890625
16 0.6625 0.89375 0.10703125 0.14296875