16 0.4328125 0.5015625 0.25 0.1859375
16 0.60625 0.4765625 0.2140625 0.1859375
16 0.7375 0.39765625 0.2234375 0.146875
16 0.86953125 0.478125 0.2609375 0.15625
16 0.69453125 0.2859375 0.2578125 0.1484375
16 0.84921875 0.3046875 0.1984375 0.1375
16 0.2625 0.540625 0.2921875 0.1625
16 0.41796875 0.6109375 0.2375 0.2203125
16 0.58203125 0.6140625 0.2328125 0.153125
16 0.7359375 0.565625 0.19375 0.146875
16 0.92890625 0.64296875 0.1421875 0.2328125
16 0.79609375 0.65390625 0.275 0.1875
16 0.86640625 0.7703125 0.2671875 0.25
16 0.75546875 0.884375 0.253125 0.1890625
16 0.6015625 0.79453125 0.265625 0.1890625
16 0.38046875 0.88515625 0.3421875 0.2265625
16 0.5375 0.903125 0.396875 0.19375
16 0.2203125 0.74609375 0.278125 0.1734375
16 0.29296875 0.64921875 0.2546875 0.165625
16 0.13515625 0.87890625 0.2109375 0.184375
16 0.1546875 0.953125 0.225 0.09375