16 0.234375 0.4671875 0.1484375 0.165625
16 0.36484375 0.37578125 0.1625 0.134375
16 0.46953125 0.4578125 0.1515625 0.19375
16 0.43828125 0.265625 0.10625 0.13125
16 0.52109375 0.26484375 0.109375 0.146875
16 0.3984375 0.159375 0.1171875 0.14375
16 0.35234375 0.23671875 0.125 0.1421875
16 0.61875 0.275 0.1125 0.121875
16 0.59921875 0.3171875 0.121875 0.1140625
16 0.64609375 0.37265625 0.1453125 0.134375
16 0.5984375 0.4296875 0.1609375 0.140625
16 0.68671875 0.4921875 0.1359375 0.190625
16 0.778125 0.53359375 0.1359375 0.140625
16 0.75078125 0.61640625 0.1859375 0.1484375
16 0.76796875 0.7046875 0.15625 0.1578125
16 0.71875 0.803125 0.1375 0.153125
16 0.5640625 0.75078125 0.1375 0.1390625
16 0.63515625 0.70703125 0.134375 0.153125
16 0.634375 0.59140625 0.175 0.1953125
16 0.5328125 0.66328125 0.1734375 0.1453125
16 0.43125 0.70546875 0.16875 0.18125
16 0.51484375 0.840625 0.1765625 0.1453125
16 0.4109375 0.8046875 0.1296875 0.1375
16 0.30546875 0.784375 0.1703125 0.1546875
16 0.2640625 0.71015625 0.1734375 0.1484375
16 0.21484375 0.6578125 0.1390625 0.1421875
16 0.27109375 0.665625 0.003125 0.0015625
16 0.3328125 0.55703125 0.1625 0.184375
16 0.40078125 0.49296875 0.1515625 0.19375
16 0.2015625 0.57109375 0.1609375 0.15