16 0.42578125 0.4375 0.153125 0.1828125
16 0.56953125 0.46953125 0.10390625 0.20390625
16 0.66171875 0.47109375 0.1140625 0.2328125
16 0.71953125 0.35859375 0.15234375 0.2046875
16 0.59140625 0.3296875 0.1515625 0.19140625
16 0.65859375 0.203125 0.13203125 0.16015625
16 0.51796875 0.215625 0.159375 0.18125
16 0.375 0.2359375 0.184375 0.17265625
16 0.43515625 0.3015625 0.11796875 0.19765625
16 0.5578125 0.61171875 0.13203125 0.17578125
16 0.7078125 0.59375 0.13125 0.1953125
16 0.66875 0.70234375 0.14921875 0.16953125
16 0.6 0.81328125 0.14453125 0.1828125
16 0.5171875 0.746875 0.15390625 0.21328125
16 0.45625 0.83984375 0.16640625 0.16875
16 0.44296875 0.60859375 0.15234375 0.221875
16 0.30625 0.640625 0.15703125 0.165625
16 0.3296875 0.7671875 0.16953125 0.16484375
16 0.2234375 0.4640625 0.11015625 0.2328125
16 0.303125 0.1953125 0.14453125 0.1796875