16 0.44296875 0.378125 0.153125 0.25078125
16 0.54765625 0.4125 0.12109375 0.22265625
16 0.4875 0.25859375 0.18359375 0.1984375
16 0.659375 0.3359375 0.17734375 0.1890625
16 0.66171875 0.48515625 0.1328125 0.21640625
16 0.74453125 0.48984375 0.121875 0.1859375
16 0.71953125 0.6515625 0.16640625 0.21875
16 0.60703125 0.734375 0.1875 0.20625
16 0.6078125 0.565625 0.16953125 0.14765625
16 0.47265625 0.5671875 0.18359375 0.2
16 0.42109375 0.71015625 0.19375 0.20234375
16 0.33125 0.52578125 0.1265625 0.23125
16 0.20234375 0.57109375 0.12890625 0.203125
16 0.2875 0.6828125 0.103125 0.15703125