16 0.4828125 0.25546875 0.19609375 0.2328125
16 0.6734375 0.44921875 0.17578125 0.203125
16 0.74296875 0.6046875 0.17578125 0.31875
16 0.815625 0.66171875 0.17734375 0.275
16 0.64453125 0.7828125 0.26953125 0.19453125
16 0.58125 0.6296875 0.196875 0.27265625
16 0.4765625 0.503125 0.19765625 0.18515625
16 0.3984375 0.60234375 0.23203125 0.26875
16 0.265625 0.74609375 0.25234375 0.22421875
16 0.4171875 0.8640625 0.1921875 0.19609375
16 0.14296875 0.88046875 0.2140625 0.2390625
16 0.19609375 0.528125 0.20703125 0.30625
16 0.7984375 0.25625 0.14921875 0.25234375
16 0.7 0.3046875 0.18984375 0.259375