16 0.65546875 0.1109375 0.16953125 0.221875
16 0.7875 0.36640625 0.1609375 0.325
16 0.9390625 0.3 0.121875 0.271875
16 0.94375 0.09609375 0.11171875 0.1921875
16 0.365625 0.121875 0.1625 0.24375
16 0.471875 0.20703125 0.16875 0.221875
16 0.24453125 0.14921875 0.1765625 0.2828125
16 0.11875 0.12890625 0.159375 0.25703125
16 0.1578125 0.3765625 0.140625 0.27109375
16 0.28125 0.38203125 0.16015625 0.30546875
16 0.40546875 0.37734375 0.1796875 0.29609375
16 0.53046875 0.39140625 0.1796875 0.290625
16 0.64765625 0.459375 0.175 0.2546875
16 0.6671875 0.3046875 0.1125 0.20078125
16 0.84609375 0.6 0.13671875 0.23984375
16 0.94296875 0.55546875 0.1140625 0.2640625
16 0.9421875 0.78515625 0.115625 0.3328125
16 0.7953125 0.83984375 0.17890625 0.25234375
16 0.71484375 0.65546875 0.1375 0.3140625
16 0.4765625 0.70703125 0.1703125 0.240625
16 0.63515625 0.8296875 0.165625 0.325
16 0.5359375 0.89453125 0.13125 0.2109375
16 0.3484375 0.80546875 0.1234375 0.25390625
16 0.365625 0.58125 0.14765625 0.26875
16 0.2171875 0.58515625 0.178125 0.26171875
16 0.24765625 0.8109375 0.15625 0.2734375
16 0.14921875 0.91796875 0.2546875 0.1640625
16 0.103125 0.78125 0.1765625 0.2140625
16 0.1125 0.56015625 0.125 0.2265625
16 0.0609375 0.38125 0.121875 0.24765625