16 0.428125 0.3484375 0.14609375 0.32578125
16 0.546875 0.40390625 0.115625 0.271875
16 0.6609375 0.3828125 0.13671875 0.30625
16 0.78984375 0.2875 0.14765625 0.2578125
16 0.88125 0.4109375 0.1640625 0.30390625
16 0.91484375 0.1421875 0.1703125 0.284375
16 0.68203125 0.14375 0.15703125 0.26015625
16 0.540625 0.19453125 0.1921875 0.2015625
16 0.3875 0.11328125 0.2015625 0.22578125
16 0.28125 0.2078125 0.17578125 0.30390625
16 0.1828125 0.0640625 0.22578125 0.128125
16 0.13671875 0.1734375 0.17265625 0.190625
16 0.21171875 0.3515625 0.17578125 0.2078125
16 0.29921875 0.4765625 0.19453125 0.24375
16 0.41015625 0.590625 0.178125 0.26171875
16 0.55546875 0.5828125 0.225 0.22421875
16 0.7671875 0.56796875 0.19375 0.24921875
16 0.9234375 0.63125 0.153125 0.26875
16 0.86640625 0.75546875 0.15390625 0.30234375
16 0.94609375 0.86015625 0.1078125 0.2765625
16 0.83359375 0.88203125 0.165625 0.23515625
16 0.70625 0.70078125 0.1671875 0.246875
16 0.71328125 0.89296875 0.1609375 0.2140625
16 0.5953125 0.8296875 0.15625 0.2859375
16 0.434375 0.78671875 0.19375 0.26171875
16 0.290625 0.85234375 0.1953125 0.19375
16 0.2390625 0.71171875 0.26796875 0.2296875
16 0.13203125 0.5296875 0.1828125 0.24375
16 0.06015625 0.403125 0.1203125 0.3234375
16 0.0609375 0.6875 0.121875 0.309375
16 0.125 0.89453125 0.2171875 0.18828125