16 0.503125 0.30546875 0.1671875 0.2828125
16 0.596875 0.32578125 0.1375 0.24375
16 0.64453125 0.43671875 0.1546875 0.1984375
16 0.715625 0.34375 0.153125 0.253125
16 0.6484375 0.6265625 0.1640625 0.2578125
16 0.56640625 0.571875 0.1734375 0.3265625
16 0.5 0.79140625 0.225 0.21875
16 0.453125 0.62578125 0.1703125 0.234375
16 0.5 0.4828125 0.11875 0.1671875
16 0.390625 0.51484375 0.1890625 0.2109375
16 0.4375 0.31796875 0.128125 0.265625
16 0.3890625 0.23125 0.14375 0.2515625
16 0.540625 0.13125 0.2078125 0.20625
16 0.296875 0.52578125 0.1625 0.2609375
16 0.34296875 0.71328125 0.1828125 0.2765625