16 0.50859375 0.18046875 0.2171875 0.2453125
16 0.771875 0.16640625 0.159375 0.3015625
16 0.8921875 0.22265625 0.1828125 0.259375
16 0.78828125 0.41484375 0.2203125 0.30625
16 0.6578125 0.47890625 0.184375 0.2828125
16 0.65234375 0.2578125 0.16875 0.2546875
16 0.43125 0.3671875 0.159375 0.2828125
16 0.515625 0.5390625 0.190625 0.228125
16 0.5390625 0.75546875 0.1828125 0.2984375
16 0.6671875 0.6984375 0.2296875 0.2859375
16 0.91484375 0.653125 0.1703125 0.3125
16 0.90859375 0.459375 0.1828125 0.225
16 0.20703125 0.30078125 0.2359375 0.25
16 0.27265625 0.44921875 0.1984375 0.2515625
16 0.2046875 0.11015625 0.1921875 0.1796875
16 0.30078125 0.1984375 0.1578125 0.23125
16 0.0359375 0.2109375 0.071875 0.2875
16 0.13125 0.21328125 0.1828125 0.25625
16 0.1109375 0.6453125 0.221875 0.290625
16 0.1765625 0.78203125 0.165625 0.215625
16 0.30703125 0.82578125 0.2734375 0.3484375
16 0.421875 0.7234375 0.178125 0.3484375
16 0.6453125 0.8734375 0.2390625 0.2484375
16 0.25234375 0.89921875 0.2984375 0.2015625