16 0.24765625 0.3109375 0.1015625 0.146875
16 0.3265625 0.36171875 0.103125 0.1421875
16 0.384375 0.371875 0.0734375 0.146875
16 0.4421875 0.30625 0.1171875 0.1203125
16 0.5171875 0.28984375 0.0953125 0.1203125
16 0.565625 0.2234375 0.096875 0.165625
16 0.625 0.28359375 0.0953125 0.1484375
16 0.628125 0.4046875 0.0875 0.1578125
16 0.71875 0.51171875 0.096875 0.115625
16 0.7328125 0.609375 0.09375 0.115625
16 0.73203125 0.73515625 0.0890625 0.1484375
16 0.6671875 0.68671875 0.1 0.1296875
16 0.6421875 0.60390625 0.140625 0.1390625
16 0.6140625 0.509375 0.103125 0.128125
16 0.5640625 0.5484375 0.0921875 0.1421875
16 0.53359375 0.43515625 0.078125 0.1203125
16 0.465625 0.41796875 0.0921875 0.115625
16 0.50625 0.55 0.115625 0.1203125
16 0.52421875 0.63828125 0.0953125 0.1578125
16 0.578125 0.6640625 0.0859375 0.171875
16 0.415625 0.134375 0.0796875 0.125
16 0.4625 0.18671875 0.0890625 0.1078125
16 0.51484375 0.11953125 0.0859375 0.1359375
16 0.4703125 0.08203125 0.078125 0.134375
16 0.33359375 0.0984375 0.0921875 0.1015625
16 0.3328125 0.19921875 0.0953125 0.10625
16 0.38828125 0.24921875 0.090625 0.115625
16 0.26171875 0.19296875 0.0921875 0.1703125
16 0.15703125 0.2140625 0.0984375 0.1203125
16 0.184375 0.04453125 0.1125 0.0890625
16 0.2421875 0.06015625 0.084375 0.1203125
16 0.115625 0.040625 0.096875 0.08125
16 0.09921875 0.10625 0.0921875 0.0890625
16 0.09765625 0.20234375 0.14375 0.121875
16 0.06328125 0.30546875 0.1109375 0.159375
16 0.1484375 0.3328125 0.115625 0.1671875
16 0.1296875 0.43046875 0.09375 0.121875
16 0.0765625 0.42265625 0.0953125 0.1390625
16 0.26953125 0.45390625 0.1171875 0.11875
16 0.28828125 0.540625 0.084375 0.13125
16 0.35078125 0.54921875 0.084375 0.140625
16 0.41953125 0.56328125 0.0796875 0.1578125
16 0.35234375 0.64296875 0.1015625 0.09375
16 0.43984375 0.6984375 0.103125 0.1203125
16 0.48984375 0.77734375 0.125 0.125
16 0.61015625 0.77578125 0.103125 0.1
16 0.25703125 0.7171875 0.140625 0.1609375
16 0.3390625 0.753125 0.1046875 0.1453125
16 0.2 0.62890625 0.0859375 0.146875
16 0.07109375 0.58515625 0.128125 0.153125
16 0.10234375 0.67734375 0.090625 0.1609375
16 0.1484375 0.70859375 0.1078125 0.1859375
16 0.13125 0.80234375 0.1328125 0.1609375
16 0.1109375 0.9109375 0.1296875 0.165625
16 0.171875 0.93984375 0.1140625 0.1109375
16 0.2515625 0.90859375 0.0890625 0.1765625
16 0.32890625 0.9328125 0.09375 0.1296875
16 0.3765625 0.86640625 0.0828125 0.1375
16 0.46171875 0.9109375 0.125 0.153125
16 0.57890625 0.90546875 0.0828125 0.1890625
16 0.65546875 0.896875 0.109375 0.1453125