16 0.4375 0.375 0.14921875 0.225
16 0.51875 0.303125 0.1109375 0.1453125
16 0.66171875 0.3953125 0.17265625 0.16640625
16 0.65703125 0.46796875 0.14453125 0.140625
16 0.64140625 0.5578125 0.203125 0.16640625
16 0.74765625 0.64140625 0.14140625 0.1796875
16 0.60859375 0.66640625 0.17109375 0.1765625
16 0.4796875 0.54921875 0.18671875 0.18046875
16 0.55078125 0.43046875 0.1328125 0.1828125
16 0.30390625 0.54140625 0.16171875 0.26875
16 0.43125 0.67890625 0.19609375 0.2015625
16 0.190625 0.63515625 0.1453125 0.1671875
16 0.28046875 0.6796875 0.11171875 0.11328125