16 0.2453125 0.4171875 0.1234375 0.14453125
16 0.390625 0.35234375 0.14453125 0.10859375
16 0.478125 0.453125 0.1203125 0.17421875
16 0.484375 0.25859375 0.08515625 0.1171875
16 0.565625 0.2734375 0.08515625 0.1328125
16 0.465625 0.14609375 0.0953125 0.12734375
16 0.40546875 0.21328125 0.10234375 0.125
16 0.659375 0.3015625 0.09453125 0.10546875
16 0.63203125 0.3390625 0.10546875 0.0953125
16 0.66796875 0.403125 0.1265625 0.11171875
16 0.61015625 0.45 0.14140625 0.11640625
16 0.684375 0.528125 0.10390625 0.17421875
16 0.76640625 0.5859375 0.115625 0.12109375
16 0.72421875 0.6625 0.165625 0.11875
16 0.72421875 0.75234375 0.13359375 0.134375
16 0.65703125 0.8390625 0.11484375 0.13359375
16 0.51484375 0.75859375 0.1171875 0.11875
16 0.59296875 0.72890625 0.1109375 0.13515625
16 0.6140625 0.615625 0.1453125 0.17109375
16 0.50078125 0.66640625 0.15390625 0.11796875
16 0.39375 0.68828125 0.140625 0.15703125
16 0.44921875 0.8375 0.15703125 0.1171875
16 0.3546875 0.78203125 0.109375 0.11953125
16 0.2546875 0.7421875 0.1484375 0.128125
16 0.228125 0.6609375 0.153125 0.12109375
16 0.18984375 0.60078125 0.11875 0.121875
16 0.24375 0.61875 0.003125 0.00078125
16 0.325 0.52421875 0.13359375 0.1625
16 0.40390625 0.47421875 0.12109375 0.1734375
16 0.19375 0.51328125 0.13984375 0.125