16 0.4125 0.5 0.23515625 0.1859375
16 0.54140625 0.53671875 0.15546875 0.359375
16 0.6875 0.5171875 0.16484375 0.34453125
16 0.81171875 0.5484375 0.14375 0.30625
16 0.9234375 0.51484375 0.153125 0.3265625
16 0.88828125 0.27265625 0.22265625 0.27578125
16 0.70859375 0.1484375 0.225 0.29609375
16 0.5890625 0.259375 0.21171875 0.2453125
16 0.43046875 0.14609375 0.18359375 0.2109375
16 0.27890625 0.32890625 0.2125 0.24140625
16 0.4390625 0.35546875 0.18203125 0.19609375
16 0.1 0.5125 0.16640625 0.3578125
16 0.19921875 0.69140625 0.19921875 0.28828125
16 0.34453125 0.63671875 0.1921875 0.21875
16 0.50078125 0.790625 0.23125 0.2859375
16 0.6890625 0.896875 0.15234375 0.20625
16 0.81875 0.9140625 0.16640625 0.171875
16 0.846875 0.7734375 0.1640625 0.3171875
16 0.75078125 0.76328125 0.1453125 0.2203125
16 0.0890625 0.83359375 0.178125 0.3328125
16 0.3421875 0.8609375 0.17578125 0.278125
16 0.14140625 0.23671875 0.1609375 0.284375
16 0.29296875 0.096875 0.15234375 0.19375