16 0.41484375 0.43828125 0.1390625 0.134375
16 0.428125 0.31328125 0.10078125 0.15078125
16 0.52265625 0.39765625 0.11640625 0.11875
16 0.58515625 0.42578125 0.075 0.13125
16 0.53203125 0.2890625 0.1328125 0.0984375
16 0.609375 0.2859375 0.0734375 0.1140625
16 0.48828125 0.19921875 0.10078125 0.11015625
16 0.57109375 0.16484375 0.11875 0.128125
16 0.59921875 0.0890625 0.1125 0.09453125
16 0.68046875 0.15390625 0.11875 0.11484375
16 0.71640625 0.209375 0.09921875 0.1125
16 0.80859375 0.2265625 0.090625 0.0984375
16 0.84453125 0.33515625 0.1328125 0.1109375
16 0.8703125 0.41640625 0.14765625 0.1125
16 0.85859375 0.50234375 0.10234375 0.13203125
16 0.834375 0.615625 0.10234375 0.1625
16 0.79140625 0.7375 0.11171875 0.14140625
16 0.67109375 0.709375 0.10078125 0.16328125
16 0.6578125 0.54921875 0.0890625 0.15625
16 0.72109375 0.4921875 0.0984375 0.11640625
16 0.75 0.41484375 0.11328125 0.11484375
16 0.659375 0.38046875 0.06953125 0.14921875
16 0.7515625 0.31640625 0.07421875 0.1265625
16 0.396875 0.5375 0.10078125 0.16875
16 0.49296875 0.509375 0.10703125 0.14609375
16 0.515625 0.628125 0.11171875 0.18359375
16 0.5875 0.5625 0.0859375 0.1609375
16 0.57265625 0.7484375 0.11796875 0.1234375
16 0.6265625 0.8359375 0.121875 0.11953125
16 0.4140625 0.78125 0.1375 0.1140625
16 0.53984375 0.88125 0.16015625 0.1890625
16 0.4234375 0.9109375 0.15390625 0.14375
16 0.3125 0.81328125 0.0890625 0.17109375
16 0.31875 0.6390625 0.10078125 0.1828125
16 0.3890625 0.68984375 0.134375 0.12890625
16 0.2359375 0.62421875 0.14765625 0.15859375
16 0.2359375 0.76171875 0.10546875 0.15390625
16 0.2078125 0.5421875 0.1265625 0.125
16 0.2796875 0.46796875 0.11796875 0.1375
16 0.3125 0.2171875 0.1109375 0.12421875
16 0.38828125 0.2609375 0.07890625 0.11171875
16 0.38046875 0.14375 0.0734375 0.134375
16 0.43828125 0.128125 0.078125 0.1421875
16 0.275 0.28984375 0.125 0.1078125
16 0.303125 0.3796875 0.12109375 0.14375
16 0.18828125 0.43671875 0.0890625 0.13125