16 0.47265625 0.3671875 0.078125 0.09140625
16 0.16953125 0.10625 0.05 0.12265625
16 0.16640625 0.18828125 0.0703125 0.08359375
16 0.07421875 0.203125 0.08359375 0.08828125
16 0.1203125 0.4546875 0.08125 0.128125
16 0.18515625 0.45390625 0.09140625 0.0953125
16 0.1640625 0.5453125 0.071875 0.15078125
16 0.10234375 0.56328125 0.0625 0.153125
16 0.21875 0.55859375 0.06328125 0.1203125
16 0.27890625 0.546875 0.0671875 0.11484375
16 0.25078125 0.44765625 0.065625 0.10546875
16 0.26328125 0.36796875 0.0796875 0.09765625
16 0.26484375 0.26015625 0.1015625 0.11796875
16 0.1671875 0.3390625 0.1046875 0.10625
16 0.115625 0.1046875 0.0859375 0.08125
16 0.25078125 0.0765625 0.08984375 0.09140625
16 0.3125 0.12421875 0.1 0.10546875
16 0.26328125 0.175 0.07421875 0.121875
16 0.346875 0.246875 0.0796875 0.1015625
16 0.4015625 0.2375 0.05625 0.08671875
16 0.08671875 0.3578125 0.078125 0.13359375
16 0.0453125 0.409375 0.08984375 0.128125
16 0.04140625 0.50703125 0.0828125 0.10703125
16 0.03828125 0.64140625 0.0765625 0.121875
16 0.078125 0.69453125 0.13671875 0.146875
16 0.03671875 0.90390625 0.065625 0.17734375
16 0.0953125 0.7828125 0.0953125 0.125
16 0.2140625 0.80703125 0.1171875 0.121875
16 0.265625 0.7234375 0.1015625 0.13359375
16 0.31796875 0.6734375 0.1078125 0.1703125
16 0.39765625 0.7625 0.0921875 0.18828125
16 0.41328125 0.86953125 0.109375 0.11796875
16 0.46015625 0.93359375 0.08984375 0.12890625
16 0.553125 0.8703125 0.08671875 0.1765625
16 0.33671875 0.934375 0.09765625 0.13046875
16 0.296875 0.85 0.08125 0.16875
16 0.328125 0.5 0.0703125 0.1546875
16 0.37421875 0.47578125 0.06484375 0.1578125
16 0.41328125 0.5484375 0.12421875 0.11875
16 0.34140625 0.34609375 0.0671875 0.115625
16 0.390625 0.38203125 0.075 0.115625
16 0.4328125 0.44765625 0.06171875 0.1390625
16 0.49140625 0.5078125 0.0921875 0.1125
16 0.50703125 0.58671875 0.11796875 0.1203125
16 0.4671875 0.646875 0.11171875 0.13203125
16 0.471875 0.74375 0.096875 0.1546875
16 0.54375 0.73828125 0.09296875 0.078125
16 0.596875 0.73359375 0.06640625 0.1484375
16 0.56953125 0.615625 0.07578125 0.1578125
16 0.64296875 0.6578125 0.10859375 0.1296875
16 0.5796875 0.50625 0.11640625 0.128125
16 0.5578125 0.453125 0.07734375 0.1125
16 0.553125 0.38515625 0.10625 0.1046875
16 0.49296875 0.296875 0.11875 0.08828125
16 0.4875 0.23359375 0.096875 0.10234375
16 0.43828125 0.18984375 0.08671875 0.13359375
16 0.3734375 0.04921875 0.09296875 0.09765625
16 0.41875 0.07734375 0.0609375 0.1203125
16 0.471875 0.10546875 0.09375 0.10625
16 0.5328125 0.134375 0.07109375 0.15
16 0.515625 0.04296875 0.1125 0.0859375
16 0.5734375 0.0859375 0.07265625 0.08125
16 0.6546875 0.04765625 0.08125 0.0953125
16 0.61015625 0.1734375 0.05390625 0.06796875
16 0.5859375 0.2671875 0.08203125 0.1078125
16 0.63828125 0.35390625 0.08046875 0.084375
16 0.61953125 0.4203125 0.05625 0.08828125
16 0.66328125 0.421875 0.0625 0.0921875
16 0.7140625 0.41796875 0.0703125 0.12265625
16 0.66171875 0.56015625 0.059375 0.11796875
16 0.740625 0.51328125 0.12421875 0.10546875
16 0.7328125 0.58671875 0.128125 0.14765625
16 0.77421875 0.68046875 0.1015625 0.11796875
16 0.76015625 0.75546875 0.08203125 0.09765625
16 0.69453125 0.79140625 0.1109375 0.1
16 0.67421875 0.89140625 0.084375 0.18046875
16 0.775 0.8453125 0.08984375 0.140625
16 0.7265625 0.840625 0.07109375 0.09296875
16 0.8390625 0.93828125 0.06796875 0.1234375
16 0.88515625 0.8875 0.0953125 0.16875
16 0.96171875 0.9078125 0.0765625 0.1765625
16 0.88359375 0.67890625 0.06640625 0.125
16 0.91171875 0.75625 0.084375 0.1375
16 0.840625 0.5796875 0.0953125 0.12421875
16 0.91328125 0.5734375 0.1046875 0.1171875
16 0.81328125 0.4609375 0.090625 0.184375
16 0.84921875 0.3921875 0.0875 0.15078125
16 0.81328125 0.31015625 0.07421875 0.15703125
16 0.7625 0.3015625 0.08984375 0.1296875
16 0.7 0.3234375 0.07578125 0.09296875
16 0.64921875 0.209375 0.0703125 0.125
16 0.6796875 0.19609375 0.05625 0.13203125
16 0.7296875 0.15859375 0.078125 0.08984375
16 0.746875 0.2265625 0.07734375 0.09765625
16 0.77734375 0.1109375 0.071875 0.121875
16 0.82578125 0.08203125 0.0578125 0.1109375
16 0.8484375 0.1875 0.05859375 0.171875
16 0.91796875 0.28046875 0.0953125 0.1109375
16 0.92578125 0.11875 0.071875 0.14296875
16 0.96875 0.34453125 0.06171875 0.11015625
16 0.921875 0.48671875 0.0859375 0.146875
16 0.971875 0.75859375 0.05625 0.16171875
16 0.96953125 0.65625 0.06015625 0.103125
16 0.9640625 0.23828125 0.071875 0.1484375