16 0.18046875 0.08203125 0.059375 0.10390625
16 0.23359375 0.0765625 0.08203125 0.10625
16 0.271875 0.0375 0.13046875 0.075
16 0.34375 0.05859375 0.08125 0.09140625
16 0.36328125 0.1453125 0.08515625 0.14921875
16 0.4328125 0.140625 0.0765625 0.096875
16 0.496875 0.14140625 0.09921875 0.1203125
16 0.4640625 0.04453125 0.09921875 0.0890625
16 0.575 0.03203125 0.09140625 0.0640625
16 0.5328125 0.0609375 0.0765625 0.07265625
16 0.64609375 0.05703125 0.07578125 0.103125
16 0.71640625 0.04765625 0.0734375 0.0953125
16 0.76953125 0.046875 0.1109375 0.09296875
16 0.80703125 0.09921875 0.078125 0.0921875
16 0.8796875 0.05 0.07265625 0.1
16 0.93125 0.16640625 0.084375 0.09296875
16 0.9453125 0.234375 0.065625 0.10859375
16 0.80234375 0.17578125 0.0640625 0.1109375
16 0.73359375 0.12265625 0.0953125 0.11484375
16 0.63203125 0.15 0.06171875 0.0984375
16 0.6734375 0.2078125 0.06015625 0.09140625
16 0.73046875 0.23046875 0.0765625 0.10859375
16 0.8484375 0.26953125 0.0640625 0.10859375
16 0.8765625 0.184375 0.07578125 0.1
16 0.61796875 0.24609375 0.1078125 0.153125
16 0.5703125 0.2984375 0.10703125 0.12109375
16 0.51484375 0.24375 0.059375 0.11640625
16 0.44765625 0.246875 0.08671875 0.1015625
16 0.40859375 0.26875 0.0953125 0.125
16 0.33515625 0.2703125 0.08515625 0.12109375
16 0.22265625 0.15078125 0.08515625 0.11015625
16 0.1484375 0.16171875 0.0875 0.1140625
16 0.12734375 0.0875 0.078125 0.13515625
16 0.059375 0.1234375 0.09765625 0.08046875
16 0.096875 0.209375 0.096875 0.13359375
16 0.11796875 0.30859375 0.0921875 0.1125
16 0.2078125 0.24375 0.11171875 0.10703125
16 0.215625 0.325 0.09921875 0.15625
16 0.28828125 0.334375 0.07578125 0.10390625
16 0.39140625 0.359375 0.075 0.14375
16 0.43984375 0.3203125 0.1046875 0.14609375
16 0.47578125 0.40546875 0.10390625 0.11953125
16 0.584375 0.3953125 0.10390625 0.128125
16 0.659375 0.34609375 0.07578125 0.128125
16 0.72109375 0.32421875 0.08515625 0.1546875
16 0.78828125 0.37734375 0.07109375 0.12109375
16 0.84453125 0.41875 0.1015625 0.13203125
16 0.9140625 0.38671875 0.06640625 0.1390625
16 0.9609375 0.33984375 0.06953125 0.09765625
16 0.74296875 0.521875 0.08515625 0.1140625
16 0.6734375 0.48671875 0.10390625 0.1
16 0.68125 0.56953125 0.0734375 0.10625
16 0.85078125 0.5328125 0.08828125 0.1171875
16 0.9 0.471875 0.078125 0.121875
16 0.92578125 0.559375 0.07421875 0.12890625
16 0.890625 0.61015625 0.07890625 0.128125
16 0.5765625 0.4890625 0.0890625 0.09296875
16 0.5375 0.55546875 0.08515625 0.0953125
16 0.56015625 0.6296875 0.103125 0.13203125
16 0.62890625 0.59375 0.06171875 0.12578125
16 0.621875 0.6953125 0.084375 0.1296875
16 0.709375 0.725 0.10859375 0.146875
16 0.7515625 0.6140625 0.09375 0.10703125
16 0.81015625 0.65078125 0.096875 0.14609375
16 0.84453125 0.7125 0.0796875 0.14140625
16 0.90234375 0.70078125 0.059375 0.11640625
16 0.4796875 0.534375 0.09296875 0.1390625
16 0.4109375 0.51328125 0.075 0.128125
16 0.3609375 0.45625 0.0796875 0.11015625
16 0.3046875 0.42734375 0.0921875 0.10390625
16 0.2359375 0.45390625 0.084375 0.09765625
16 0.18125 0.41171875 0.075 0.11796875
16 0.15625 0.528125 0.1 0.1265625
16 0.253125 0.540625 0.09765625 0.146875
16 0.2890625 0.58984375 0.10390625 0.1296875
16 0.34296875 0.55234375 0.08125 0.12578125
16 0.4109375 0.58359375 0.0609375 0.1234375
16 0.365625 0.6546875 0.08125 0.1078125
16 0.4484375 0.646875 0.0953125 0.1125
16 0.4515625 0.7484375 0.07265625 0.1234375
16 0.52421875 0.7109375 0.115625 0.128125
16 0.24296875 0.65703125 0.08671875 0.13359375
16 0.309375 0.7078125 0.08984375 0.12578125
16 0.325 0.82109375 0.0953125 0.1203125
16 0.17890625 0.73046875 0.09375 0.1140625
16 0.07578125 0.58828125 0.078125 0.13671875
16 0.0359375 0.35546875 0.071875 0.12890625
16 0.03984375 0.225 0.0796875 0.11875
16 0.02578125 0.6515625 0.0515625 0.134375
16 0.06328125 0.67265625 0.075 0.13359375
16 0.06015625 0.796875 0.10546875 0.13515625
16 0.13203125 0.80390625 0.08046875 0.13046875
16 0.209375 0.8171875 0.11015625 0.16640625
16 0.415625 0.8140625 0.078125 0.14453125
16 0.49296875 0.82734375 0.090625 0.13359375
16 0.58828125 0.8 0.07890625 0.0984375
16 0.57734375 0.86484375 0.1 0.165625
16 0.63203125 0.8453125 0.0796875 0.11171875
16 0.715625 0.83984375 0.11640625 0.13984375
16 0.80546875 0.86875 0.1140625 0.14921875
16 0.8890625 0.7828125 0.05625 0.11015625
16 0.89765625 0.871875 0.090625 0.134375
16 0.95859375 0.90234375 0.0828125 0.19453125