16 0.471875 0.36875 0.20625 0.278125
16 0.56640625 0.42578125 0.16875 0.24375
16 0.5421875 0.26171875 0.2234375 0.234375
16 0.6921875 0.37578125 0.215625 0.2234375
16 0.6609375 0.521875 0.178125 0.240625
16 0.740625 0.5453125 0.1609375 0.2078125
16 0.6796875 0.696875 0.2109375 0.25
16 0.5515625 0.75234375 0.2296875 0.24375
16 0.590625 0.58828125 0.1984375 0.18125
16 0.45859375 0.559375 0.2234375 0.2359375
16 0.37578125 0.68671875 0.234375 0.240625
16 0.3296875 0.4875 0.175 0.253125
16 0.19375 0.50234375 0.171875 0.2265625
16 0.2515625 0.63046875 0.1359375 0.1765625