16 0.525 0.37421875 0.21328125 0.3328125
16 0.64453125 0.2546875 0.209375 0.31328125
16 0.79140625 0.63359375 0.23515625 0.32890625
16 0.57109375 0.63515625 0.2625 0.2359375
16 0.51796875 0.7953125 0.37109375 0.321875
16 0.3953125 0.57109375 0.234375 0.3046875
16 0.26328125 0.32578125 0.3171875 0.34921875
16 0.3421875 0.1140625 0.2625 0.228125
16 0.153125 0.578125 0.29296875 0.28359375
16 0.13828125 0.771875 0.27578125 0.428125
16 0.3890625 0.88046875 0.32265625 0.2390625
16 0.80703125 0.25859375 0.17890625 0.2984375
16 0.76640625 0.47265625 0.28125 0.24296875