16 0.4828125 0.3015625 0.1546875 0.19375
16 0.62578125 0.278125 0.14375 0.228125
16 0.6609375 0.1265625 0.1375 0.20625
16 0.7296875 0.07578125 0.128125 0.1515625
16 0.8203125 0.08046875 0.153125 0.1609375
16 0.828125 0.19453125 0.175 0.2296875
16 0.771875 0.25 0.125 0.184375
16 0.8015625 0.35625 0.1484375 0.153125
16 0.79375 0.47109375 0.1625 0.1765625
16 0.92578125 0.34375 0.1390625 0.1734375
16 0.9328125 0.40859375 0.134375 0.2015625
16 0.921875 0.6265625 0.140625 0.15
16 0.85546875 0.74765625 0.1640625 0.23125
16 0.91796875 0.87578125 0.1640625 0.1890625
16 0.946875 0.76171875 0.10625 0.1859375
16 0.81796875 0.5859375 0.165625 0.2140625
16 0.67421875 0.50390625 0.1890625 0.2109375
16 0.65 0.68671875 0.2140625 0.2234375
16 0.53359375 0.42578125 0.190625 0.171875
16 0.48359375 0.57109375 0.175 0.2328125
16 0.38203125 0.3609375 0.19375 0.16875
16 0.4109375 0.16015625 0.1359375 0.203125
16 0.525 0.18671875 0.1765625 0.2125
16 0.571875 0.06328125 0.1125 0.1265625
16 0.31640625 0.11796875 0.175 0.1703125
16 0.30390625 0.22109375 0.1375 0.140625
16 0.20625 0.18359375 0.18125 0.196875
16 0.209375 0.32265625 0.1734375 0.215625
16 0.2921875 0.521875 0.203125 0.1734375
16 0.40546875 0.48046875 0.1390625 0.196875
16 0.3046875 0.70546875 0.184375 0.271875
16 0.45625 0.78359375 0.203125 0.23125
16 0.66015625 0.85546875 0.225 0.184375
16 0.29453125 0.92265625 0.2296875 0.1546875
16 0.41484375 0.92734375 0.2078125 0.1453125
16 0.09375 0.63828125 0.171875 0.2234375
16 0.18046875 0.49921875 0.1265625 0.2140625
16 0.08125 0.3625 0.1515625 0.1671875
16 0.09375 0.259375 0.1875 0.178125
16 0.10234375 0.475 0.1671875 0.1765625
16 0.0921875 0.84765625 0.1390625 0.171875
16 0.19296875 0.74296875 0.1609375 0.153125