16 0.48203125 0.5046875 0.109375 0.08828125
16 0.5765625 0.5171875 0.12109375 0.103125
16 0.57109375 0.4328125 0.12890625 0.1046875
16 0.6640625 0.5296875 0.08125 0.12421875
16 0.80546875 0.49296875 0.09296875 0.0609375
16 0.7421875 0.43828125 0.115625 0.0921875
16 0.63046875 0.159375 0.06953125 0.075
16 0.64296875 0.09375 0.075 0.10859375
16 0.73046875 0.08671875 0.1578125 0.06484375
16 0.715625 0.14765625 0.1046875 0.09453125
16 0.53828125 0.2625 0.109375 0.0953125
16 0.515625 0.1453125 0.1015625 0.090625
16 0.56875 0.18125 0.09609375 0.10859375
16 0.6796875 0.20390625 0.09375 0.090625
16 0.28671875 0.39375 0.11953125 0.1046875
16 0.3984375 0.37265625 0.078125 0.07265625
16 0.3234375 0.26640625 0.13203125 0.08359375
16 0.40546875 0.271875 0.109375 0.090625
16 0.2078125 0.47421875 0.07421875 0.08046875
16 0.303125 0.54140625 0.11953125 0.10390625
16 0.4078125 0.565625 0.12734375 0.11796875
16 0.36953125 0.46484375 0.12578125 0.08203125
16 0.440625 0.41953125 0.14296875 0.08828125
16 0.56953125 0.61171875 0.1625 0.1125
16 0.93671875 0.54140625 0.11171875 0.18203125
16 0.93203125 0.63046875 0.13515625 0.140625
16 0.83828125 0.60234375 0.12109375 0.10390625
16 0.896875 0.4171875 0.1078125 0.1078125
16 0.90546875 0.296875 0.10625 0.0875