16 0.415625 0.43671875 0.140625 0.1375
16 0.43125 0.31171875 0.103125 0.153125
16 0.52421875 0.3984375 0.11875 0.1203125
16 0.58671875 0.42734375 0.0765625 0.1328125
16 0.5359375 0.28984375 0.134375 0.1
16 0.61328125 0.2875 0.075 0.115625
16 0.49375 0.19921875 0.103125 0.1125
16 0.5765625 0.16640625 0.1203125 0.1296875
16 0.60625 0.090625 0.1140625 0.096875
16 0.68671875 0.15703125 0.1203125 0.1171875
16 0.72109375 0.21328125 0.1015625 0.1140625
16 0.81328125 0.23203125 0.0921875 0.1
16 0.84765625 0.34140625 0.134375 0.1125
16 0.871875 0.42265625 0.15 0.115625
16 0.85859375 0.50859375 0.1046875 0.134375
16 0.83203125 0.62109375 0.1046875 0.1640625
16 0.7875 0.7421875 0.1140625 0.14375
16 0.6671875 0.7125 0.103125 0.165625
16 0.65703125 0.55234375 0.0921875 0.1578125
16 0.72109375 0.49609375 0.1 0.11875
16 0.7515625 0.41953125 0.115625 0.1171875
16 0.66171875 0.38359375 0.071875 0.15
16 0.7546875 0.32109375 0.0765625 0.128125
16 0.39609375 0.5359375 0.103125 0.1703125
16 0.49296875 0.509375 0.109375 0.1484375
16 0.51328125 0.628125 0.115625 0.1859375
16 0.58671875 0.5640625 0.0890625 0.1625
16 0.56796875 0.75 0.1203125 0.125
16 0.6203125 0.83828125 0.1234375 0.121875
16 0.409375 0.7796875 0.1390625 0.1171875
16 0.5328125 0.88203125 0.1640625 0.1921875
16 0.41640625 0.909375 0.15625 0.146875
16 0.30703125 0.81015625 0.0921875 0.171875
16 0.31640625 0.6359375 0.1046875 0.184375
16 0.3859375 0.6875 0.1359375 0.13125
16 0.23359375 0.61953125 0.15 0.1609375
16 0.23125 0.75703125 0.1078125 0.15625
16 0.20703125 0.53671875 0.128125 0.1265625
16 0.28046875 0.4640625 0.1203125 0.1390625
16 0.3171875 0.2140625 0.1125 0.1265625
16 0.3921875 0.259375 0.08125 0.1125
16 0.38671875 0.14140625 0.075 0.1359375
16 0.44453125 0.12734375 0.08125 0.14375
16 0.27890625 0.2859375 0.1265625 0.109375
16 0.30546875 0.3765625 0.1234375 0.1453125
16 0.1890625 0.43125 0.090625 0.1328125