16 0.1734375 0.0875 0.0609375 0.1046875
16 0.2265625 0.08125 0.084375 0.1078125
16 0.2640625 0.04140625 0.13125 0.0765625
16 0.3359375 0.06171875 0.0828125 0.0921875
16 0.35703125 0.14765625 0.0875 0.15
16 0.4265625 0.1421875 0.078125 0.0984375
16 0.490625 0.14140625 0.1015625 0.121875
16 0.45625 0.0453125 0.1 0.090625
16 0.56640625 0.03125 0.0921875 0.0625
16 0.525 0.06015625 0.078125 0.0734375
16 0.63828125 0.0546875 0.078125 0.1046875
16 0.7078125 0.04609375 0.075 0.0921875
16 0.7609375 0.04453125 0.1125 0.0890625
16 0.8 0.09375 0.0796875 0.09375
16 0.871875 0.046875 0.075 0.09375
16 0.925 0.15859375 0.0859375 0.09375
16 0.940625 0.2265625 0.0671875 0.109375
16 0.796875 0.1703125 0.065625 0.1125
16 0.72734375 0.11875 0.096875 0.1171875
16 0.62578125 0.14765625 0.0640625 0.1
16 0.66796875 0.2046875 0.0625 0.0921875
16 0.72578125 0.2265625 0.078125 0.109375
16 0.84453125 0.26328125 0.065625 0.109375
16 0.87109375 0.178125 0.078125 0.1015625
16 0.61328125 0.24375 0.1109375 0.1546875
16 0.56640625 0.296875 0.109375 0.1234375
16 0.51015625 0.24375 0.0609375 0.1171875
16 0.44296875 0.24765625 0.0890625 0.103125
16 0.4046875 0.2703125 0.096875 0.1265625
16 0.33125 0.2734375 0.0875 0.121875
16 0.21640625 0.15546875 0.0875 0.1109375
16 0.14296875 0.16796875 0.0890625 0.115625
16 0.1203125 0.09375 0.08125 0.1359375
16 0.053125 0.13125 0.0984375 0.0828125
16 0.0921875 0.21640625 0.0984375 0.1359375
16 0.11484375 0.315625 0.09375 0.1140625
16 0.203125 0.24921875 0.1140625 0.109375
16 0.2125 0.3296875 0.1015625 0.1578125
16 0.28515625 0.33828125 0.078125 0.1046875
16 0.3890625 0.3609375 0.078125 0.1453125
16 0.43671875 0.32109375 0.1078125 0.1484375
16 0.47421875 0.40625 0.10625 0.121875
16 0.5828125 0.39375 0.10625 0.1296875
16 0.65703125 0.34296875 0.078125 0.1296875
16 0.71796875 0.3203125 0.0875 0.15625
16 0.7859375 0.37265625 0.0734375 0.121875
16 0.84296875 0.4125 0.103125 0.134375
16 0.91171875 0.3796875 0.06875 0.140625
16 0.9578125 0.33203125 0.071875 0.0984375
16 0.74296875 0.51796875 0.0875 0.115625
16 0.6734375 0.48359375 0.10625 0.1015625
16 0.6828125 0.56640625 0.075 0.1078125
16 0.8515625 0.5265625 0.090625 0.11875
16 0.89921875 0.46484375 0.0796875 0.1234375
16 0.9265625 0.5515625 0.0765625 0.1296875
16 0.8921875 0.603125 0.08125 0.1296875
16 0.5765625 0.4875 0.090625 0.09375
16 0.53828125 0.5546875 0.0875 0.096875
16 0.5625 0.62890625 0.1046875 0.134375
16 0.63046875 0.59140625 0.0640625 0.1265625
16 0.625 0.69296875 0.0859375 0.13125
16 0.71328125 0.72109375 0.1109375 0.1484375
16 0.753125 0.609375 0.0953125 0.109375
16 0.8125 0.6453125 0.1 0.1484375
16 0.8484375 0.70625 0.0828125 0.1421875
16 0.90546875 0.69375 0.0609375 0.1171875
16 0.48046875 0.534375 0.0953125 0.140625
16 0.4109375 0.51484375 0.0765625 0.1296875
16 0.36015625 0.45859375 0.08125 0.1109375
16 0.303125 0.43046875 0.09375 0.10625
16 0.23515625 0.45859375 0.0859375 0.0984375
16 0.1796875 0.4171875 0.0765625 0.11875
16 0.15703125 0.534375 0.1015625 0.128125
16 0.25390625 0.5453125 0.1 0.1484375
16 0.290625 0.59375 0.10625 0.13125
16 0.34375 0.5546875 0.0828125 0.1265625
16 0.4125 0.58515625 0.0625 0.125
16 0.36796875 0.65703125 0.0828125 0.109375
16 0.45078125 0.64765625 0.096875 0.1140625
16 0.45625 0.74921875 0.075 0.125
16 0.528125 0.71015625 0.1171875 0.1296875
16 0.24609375 0.66171875 0.0890625 0.134375
16 0.31328125 0.7109375 0.0921875 0.1265625
16 0.33046875 0.82421875 0.096875 0.121875
16 0.1828125 0.7359375 0.0953125 0.115625
16 0.07734375 0.5953125 0.08125 0.1375
16 0.03515625 0.36328125 0.0703125 0.1296875
16 0.0375 0.23203125 0.075 0.1203125
16 0.028125 0.66015625 0.053125 0.1359375
16 0.06640625 0.68046875 0.0765625 0.134375
16 0.065625 0.8046875 0.1078125 0.1375
16 0.1375 0.81015625 0.0828125 0.13125
16 0.21484375 0.821875 0.1125 0.16875
16 0.42109375 0.815625 0.08125 0.1453125
16 0.4984375 0.82734375 0.0921875 0.134375
16 0.59375 0.7984375 0.08125 0.1
16 0.58359375 0.86328125 0.103125 0.1671875
16 0.63828125 0.84296875 0.08125 0.1125
16 0.721875 0.8359375 0.11875 0.1421875
16 0.81171875 0.86328125 0.1171875 0.1515625
16 0.89375 0.77578125 0.0578125 0.1109375
16 0.90390625 0.86484375 0.0921875 0.1359375
16 0.9609375 0.89453125 0.078125 0.1953125