16 0.38984375 0.19296875 0.1375 0.25625
16 0.484375 0.23359375 0.1625 0.2
16 0.40546875 0.35625 0.1265625 0.2171875
16 0.29609375 0.4265625 0.1421875 0.1640625
16 0.2734375 0.278125 0.1828125 0.215625
16 0.225 0.55703125 0.1359375 0.2203125
16 0.33515625 0.54921875 0.1515625 0.25625
16 0.5625 0.534375 0.159375 0.19375
16 0.6953125 0.41953125 0.140625 0.1765625
16 0.67265625 0.53203125 0.1375 0.18125
16 0.71640625 0.64453125 0.115625 0.21875
16 0.55390625 0.39765625 0.159375 0.1625
16 0.46171875 0.61484375 0.165625 0.215625
16 0.48125 0.72265625 0.1484375 0.1625
16 0.625 0.64921875 0.153125 0.2109375
16 0.56328125 0.7875 0.175 0.1921875