16 0.54921875 0.25234375 0.203125 0.20625
16 0.6046875 0.35234375 0.184375 0.178125
16 0.7046875 0.4921875 0.2 0.1953125
16 0.62265625 0.55078125 0.2421875 0.271875
16 0.55546875 0.57890625 0.221875 0.2578125
16 0.5734375 0.75390625 0.2234375 0.2125
16 0.44140625 0.7859375 0.1703125 0.253125
16 0.353125 0.675 0.209375 0.2890625
16 0.478125 0.61875 0.178125 0.2359375
16 0.35703125 0.50234375 0.1984375 0.1984375
16 0.52109375 0.4015625 0.24375 0.2046875
16 0.3734375 0.35703125 0.225 0.215625
16 0.203125 0.4734375 0.171875 0.2
16 0.23203125 0.665625 0.24375 0.33125