16 0.696875 0.2921875 0.146875 0.084375
16 0.74609375 0.35625 0.1046875 0.0875
16 0.95390625 0.425 0.090625 0.1078125
16 0.75 0.6046875 0.1453125 0.0953125
16 0.59296875 0.4984375 0.1265625 0.096875
16 0.55390625 0.37578125 0.1234375 0.075
16 0.675 0.4328125 0.165625 0.090625
16 0.4171875 0.44921875 0.1125 0.0734375
16 0.36328125 0.3953125 0.128125 0.084375
16 0.2734375 0.33203125 0.115625 0.0734375
16 0.0703125 0.45234375 0.140625 0.0828125
16 0.13359375 0.575 0.1265625 0.0796875
16 0.1359375 0.6546875 0.1796875 0.1046875
16 0.19453125 0.7359375 0.115625 0.078125
16 0.23984375 0.8140625 0.1546875 0.0984375
16 0.14765625 0.9203125 0.1671875 0.0734375
16 0.41484375 0.55625 0.1140625 0.09375
16 0.56328125 0.628125 0.1578125 0.1109375
16 0.49140625 0.4921875 0.103125 0.084375
16 0.3078125 0.578125 0.1359375 0.0921875
16 0.38984375 0.6078125 0.1375 0.0890625
16 0.296875 0.47421875 0.11875 0.0953125