16 0.26953125 0.19375 0.1203125 0.11171875
16 0.3484375 0.13203125 0.1140625 0.1375
16 0.43984375 0.1359375 0.08515625 0.1171875
16 0.503125 0.1765625 0.08984375 0.1078125
16 0.5796875 0.19375 0.1125 0.125
16 0.56328125 0.27890625 0.1203125 0.1390625
16 0.64296875 0.7140625 0.0921875 0.1546875
16 0.70859375 0.8 0.15859375 0.15625
16 0.74296875 0.6859375 0.11953125 0.17265625
16 0.54609375 0.6921875 0.10234375 0.15546875
16 0.53203125 0.8203125 0.19375 0.175
16 0.196875 0.2390625 0.09296875 0.11484375
16 0.2375 0.28203125 0.10859375 0.09765625
16 0.21875 0.359375 0.09921875 0.134375
16 0.2984375 0.29453125 0.11640625 0.13984375
16 0.4125 0.29453125 0.13203125 0.11796875
16 0.50703125 0.31171875 0.12109375 0.14375
16 0.56640625 0.38984375 0.125 0.16484375
16 0.67578125 0.40625 0.134375 0.1671875
16 0.634375 0.284375 0.0953125 0.11875
16 0.47265625 0.3953125 0.08203125 0.15
16 0.384375 0.4203125 0.11484375 0.20859375
16 0.4234375 0.509375 0.07578125 0.1421875
16 0.51328125 0.49765625 0.071875 0.10625