16 0.40390625 0.35703125 0.15 0.2078125
16 0.50546875 0.32734375 0.1703125 0.1671875
16 0.62734375 0.30625 0.1328125 0.1765625
16 0.528125 0.40546875 0.1609375 0.140625
16 0.61953125 0.475 0.16875 0.1671875
16 0.47578125 0.47578125 0.1546875 0.159375
16 0.54609375 0.5828125 0.1265625 0.2046875
16 0.63203125 0.571875 0.1109375 0.140625
16 0.46953125 0.63046875 0.140625 0.2171875
16 0.58359375 0.6515625 0.14375 0.1390625
16 0.6734375 0.66875 0.1296875 0.1609375
16 0.38203125 0.51953125 0.128125 0.1609375
16 0.2953125 0.54453125 0.1421875 0.184375
16 0.309375 0.38828125 0.1375 0.1578125
16 0.35078125 0.2890625 0.14375 0.190625
16 0.40234375 0.6640625 0.1171875 0.159375
16 0.60546875 0.74296875 0.134375 0.1625