16 0.453125 0.3515625 0.23125 0.31875
16 0.59375 0.3359375 0.2234375 0.3703125
16 0.7359375 0.35859375 0.221875 0.346875
16 0.83359375 0.290625 0.2625 0.3453125
16 0.6203125 0.12109375 0.234375 0.2421875
16 0.440625 0.1203125 0.228125 0.240625
16 0.3125 0.34375 0.2796875 0.4046875
16 0.1921875 0.328125 0.2578125 0.340625
16 0.1203125 0.66484375 0.240625 0.4171875
16 0.25625 0.68515625 0.2640625 0.4609375
16 0.42578125 0.7 0.2609375 0.421875
16 0.58203125 0.6578125 0.2640625 0.4453125
16 0.71953125 0.63671875 0.2578125 0.390625
16 0.87421875 0.6 0.2515625 0.378125
16 0.93359375 0.80703125 0.1328125 0.2578125
16 0.821875 0.83125 0.221875 0.2640625
16 0.65078125 0.86171875 0.25 0.2671875
16 0.5140625 0.89375 0.253125 0.2125
16 0.33046875 0.8984375 0.2203125 0.203125
16 0.19296875 0.87734375 0.2359375 0.2453125