16 0.5 0.30078125 0.13984375 0.1828125
16 0.64453125 0.28984375 0.125 0.21796875
16 0.69296875 0.1421875 0.1203125 0.196875
16 0.76796875 0.084375 0.1140625 0.16875
16 0.85703125 0.1046875 0.1390625 0.16015625
16 0.853125 0.22421875 0.15625 0.2171875
16 0.79296875 0.275 0.1109375 0.175
16 0.81328125 0.3828125 0.1359375 0.14140625
16 0.7953125 0.496875 0.1484375 0.1640625
16 0.9375 0.38125 0.125 0.1625
16 0.93984375 0.44765625 0.1203125 0.1921875
16 0.909375 0.6625 0.12890625 0.1390625
16 0.8328125 0.77734375 0.14609375 0.21953125
16 0.890625 0.91171875 0.16328125 0.17578125
16 0.9390625 0.80078125 0.121875 0.17578125
16 0.809375 0.61328125 0.1484375 0.20234375
16 0.6734375 0.51875 0.17265625 0.19609375
16 0.6328125 0.69921875 0.19609375 0.2078125
16 0.53984375 0.42890625 0.17734375 0.15625
16 0.47734375 0.56953125 0.15703125 0.21953125
16 0.39453125 0.3515625 0.18125 0.15390625
16 0.440625 0.15390625 0.11875 0.19375
16 0.55234375 0.18984375 0.16015625 0.2
16 0.6109375 0.065625 0.1015625 0.13046875
16 0.35078125 0.103125 0.16171875 0.15703125
16 0.32890625 0.2046875 0.12734375 0.13046875
16 0.23515625 0.159375 0.165625 0.1828125
16 0.22578125 0.29765625 0.15625 0.20234375
16 0.29140625 0.50390625 0.190625 0.15703125
16 0.4078125 0.47265625 0.12265625 0.18671875
16 0.2875 0.6875 0.1625 0.259375
16 0.43203125 0.77890625 0.184375 0.215625
16 0.62890625 0.86796875 0.21171875 0.16640625
16 0.25703125 0.9171875 0.215625 0.16484375
16 0.37734375 0.92734375 0.1953125 0.1453125
16 0.08359375 0.60234375 0.15390625 0.21015625
16 0.18203125 0.47109375 0.109375 0.2046875
16 0.09453125 0.3265625 0.1390625 0.15546875
16 0.1046875 0.225 0.19921875 0.1609375
16 0.10625 0.440625 0.15390625 0.1640625
16 0.06328125 0.8109375 0.12578125 0.16171875
16 0.17265625 0.715625 0.14921875 0.140625