16 0.25078125 0.1203125 0.0609375 0.0828125
16 0.35078125 0.16875 0.0921875 0.084375
16 0.37265625 0.21171875 0.0609375 0.1046875
16 0.62578125 0.20390625 0.0703125 0.1296875
16 0.6671875 0.1578125 0.08125 0.0859375
16 0.7078125 0.13671875 0.0703125 0.090625
16 0.55234375 0.26640625 0.0953125 0.075
16 0.44375 0.26796875 0.0734375 0.084375
16 0.4515625 0.2078125 0.0671875 0.1171875
16 0.1359375 0.321875 0.0796875 0.08125
16 0.16328125 0.36484375 0.0578125 0.084375
16 0.25390625 0.234375 0.046875 0.090625
16 0.225 0.328125 0.078125 0.0828125
16 0.26015625 0.33671875 0.05 0.0640625
16 0.32265625 0.2953125 0.05625 0.109375
16 0.3625 0.35390625 0.0734375 0.08125
16 0.40390625 0.36484375 0.0625 0.0890625
16 0.46640625 0.3859375 0.0734375 0.0953125
16 0.4796875 0.325 0.059375 0.0703125
16 0.571875 0.4328125 0.090625 0.1171875
16 0.646875 0.30390625 0.0546875 0.1421875
16 0.71015625 0.21796875 0.075 0.1125
16 0.7734375 0.2515625 0.0640625 0.1203125
16 0.8671875 0.246875 0.0484375 0.0859375
16 0.92421875 0.290625 0.0484375 0.140625
16 0.67734375 0.3984375 0.059375 0.1375
16 0.23671875 0.43828125 0.0625 0.0875
16 0.28984375 0.40234375 0.046875 0.1140625
16 0.32109375 0.525 0.075 0.08125
16 0.34765625 0.5828125 0.0765625 0.0890625
16 0.42109375 0.4859375 0.0515625 0.1078125
16 0.403125 0.43203125 0.0703125 0.103125
16 0.4828125 0.5125 0.0703125 0.0734375
16 0.13671875 0.490625 0.071875 0.0984375
16 0.08359375 0.3921875 0.0609375 0.0828125
16 0.06875 0.24453125 0.075 0.078125
16 0.05 0.38828125 0.078125 0.1328125
16 0.03359375 0.65625 0.0671875 0.140625
16 0.08984375 0.64453125 0.0796875 0.08125
16 0.1 0.59375 0.0609375 0.0859375
16 0.165625 0.590625 0.0546875 0.1109375
16 0.196875 0.54296875 0.075 0.103125
16 0.05078125 0.49453125 0.075 0.090625
16 0.2578125 0.6359375 0.0890625 0.084375
16 0.209375 0.64140625 0.0609375 0.0890625
16 0.2671875 0.5046875 0.0609375 0.1109375
16 0.30859375 0.609375 0.0625 0.1140625
16 0.37421875 0.66796875 0.065625 0.121875
16 0.4015625 0.63828125 0.053125 0.121875
16 0.415625 0.70546875 0.065625 0.11875
16 0.48046875 0.64140625 0.0578125 0.140625
16 0.53046875 0.59296875 0.0546875 0.121875
16 0.63125 0.51953125 0.065625 0.109375
16 0.6375 0.5703125 0.078125 0.084375
16 0.6953125 0.60859375 0.065625 0.121875
16 0.72890625 0.5296875 0.0609375 0.0765625
16 0.7390625 0.478125 0.0734375 0.1109375
16 0.7875 0.5 0.059375 0.0890625
16 0.77734375 0.41328125 0.096875 0.090625
16 0.853125 0.45390625 0.0640625 0.084375
16 0.89296875 0.35546875 0.053125 0.1328125
16 0.9125 0.46875 0.109375 0.1015625
16 0.88203125 0.55234375 0.0625 0.1015625
16 0.9140625 0.58984375 0.0578125 0.10625
16 0.92578125 0.6609375 0.059375 0.121875
16 0.928125 0.81953125 0.0765625 0.1609375
16 0.83046875 0.79375 0.0890625 0.121875
16 0.77109375 0.740625 0.08125 0.1078125
16 0.8203125 0.621875 0.103125 0.1140625
16 0.74765625 0.83046875 0.0765625 0.15625
16 0.64921875 0.7046875 0.065625 0.1171875
16 0.57109375 0.6484375 0.0625 0.0875
16 0.54921875 0.73671875 0.0734375 0.1234375
16 0.5921875 0.809375 0.071875 0.103125
16 0.6453125 0.8015625 0.103125 0.1328125
16 0.3546875 0.7671875 0.05625 0.11875
16 0.4546875 0.76484375 0.084375 0.10625
16 0.4921875 0.8015625 0.065625 0.103125
16 0.27734375 0.7171875 0.0609375 0.1171875
16 0.2375 0.8265625 0.0859375 0.13125
16 0.1359375 0.8015625 0.0921875 0.1265625
16 0.0875 0.784375 0.1015625 0.159375
16 0.103125 0.8640625 0.0953125 0.1125
16 0.18984375 0.7203125 0.0828125 0.125