16 0.45859375 0.46484375 0.08359375 0.12109375
16 0.68125 0.6625 0.1015625 0.13515625
16 0.62109375 0.54609375 0.11875 0.15078125
16 0.70390625 0.5484375 0.09921875 0.13828125
16 0.78125 0.80546875 0.11484375 0.18046875
16 0.79453125 0.925 0.10859375 0.0984375
16 0.8875 0.9234375 0.1109375 0.153125
16 0.94296875 0.871875 0.1140625 0.175
16 0.909375 0.77421875 0.134375 0.175
16 0.7890625 0.60234375 0.0984375 0.134375
16 0.7640625 0.6765625 0.11328125 0.14375
16 0.53828125 0.77109375 0.1515625 0.10703125
16 0.6296875 0.759375 0.12109375 0.14921875
16 0.68515625 0.8171875 0.12734375 0.12265625
16 0.6671875 0.890625 0.12421875 0.14921875
16 0.57890625 0.815625 0.14921875 0.1421875
16 0.36875 0.70078125 0.08671875 0.1578125
16 0.43828125 0.72578125 0.10703125 0.1546875
16 0.5203125 0.6546875 0.11875 0.12265625
16 0.36953125 0.51796875 0.12578125 0.14375
16 0.29296875 0.46171875 0.0984375 0.084375
16 0.36171875 0.28671875 0.084375 0.09609375
16 0.475 0.38515625 0.12109375 0.14921875
16 0.6140625 0.40234375 0.1375 0.09609375
16 0.81796875 0.40859375 0.09375 0.14765625
16 0.19765625 0.49296875 0.13359375 0.103125
16 0.1734375 0.55078125 0.0875 0.08828125
16 0.2359375 0.5609375 0.0671875 0.0921875
16 0.284375 0.57421875 0.125 0.1265625
16 0.25234375 0.67734375 0.10625 0.1375
16 0.26640625 0.81328125 0.13046875 0.13671875
16 0.2875 0.90703125 0.13515625 0.11640625
16 0.38125 0.92578125 0.15234375 0.1484375
16 0.45859375 0.85859375 0.1296875 0.125
16 0.17421875 0.91171875 0.12734375 0.146875
16 0.1015625 0.81015625 0.12265625 0.13203125
16 0.1765625 0.80390625 0.1125 0.14921875
16 0.0546875 0.6796875 0.109375 0.1015625
16 0.1328125 0.66796875 0.10078125 0.1453125
16 0.075 0.56796875 0.11875 0.08828125
16 0.0609375 0.4890625 0.121875 0.11875
16 0.128125 0.40859375 0.0890625 0.13046875
16 0.25703125 0.32578125 0.1328125 0.146875
16 0.9203125 0.60703125 0.065625 0.13515625
16 0.95625 0.57421875 0.0875 0.2171875