16 0.70078125 0.2953125 0.1453125 0.08125
16 0.7484375 0.3609375 0.10390625 0.08515625
16 0.95546875 0.4328125 0.0890625 0.10625
16 0.7484375 0.609375 0.14375 0.09296875
16 0.59296875 0.5 0.12421875 0.0953125
16 0.55625 0.3765625 0.12265625 0.0734375
16 0.67578125 0.4359375 0.1640625 0.0875
16 0.41796875 0.44765625 0.11171875 0.071875
16 0.36484375 0.39296875 0.12734375 0.0828125
16 0.2765625 0.328125 0.11484375 0.07109375
16 0.0703125 0.44453125 0.140625 0.0796875
16 0.13203125 0.56875 0.125 0.07734375
16 0.13359375 0.6484375 0.17734375 0.1015625
16 0.190625 0.73046875 0.1140625 0.07578125
16 0.234375 0.809375 0.15234375 0.09609375
16 0.140625 0.9140625 0.16640625 0.0703125
16 0.4140625 0.5546875 0.11171875 0.09140625
16 0.5609375 0.62890625 0.15625 0.10859375
16 0.49140625 0.4921875 0.1015625 0.08203125
16 0.30625 0.575 0.134375 0.08984375
16 0.38828125 0.60625 0.1359375 0.0859375
16 0.29765625 0.4703125 0.11640625 0.09296875