16 0.52578125 0.4625 0.0859375 0.0765625
16 0.4921875 0.5078125 0.0875 0.0546875
16 0.56015625 0.55625 0.1140625 0.05625
16 0.4765625 0.54921875 0.1125 0.0671875
16 0.7140625 0.56484375 0.08125 0.046875
16 0.8078125 0.5921875 0.071875 0.046875
16 0.63046875 0.57578125 0.0765625 0.053125
16 0.5671875 0.50703125 0.08125 0.0375
16 0.2015625 0.6625 0.11875 0.059375
16 0.278125 0.66171875 0.0765625 0.0515625
16 0.3890625 0.6546875 0.0953125 0.05625
16 0.53046875 0.73359375 0.096875 0.0734375
16 0.675 0.728125 0.121875 0.0703125
16 0.94140625 0.7484375 0.0890625 0.0609375
16 0.74140625 0.7921875 0.13125 0.09375
16 0.8125 0.8125 0.1515625 0.0734375
16 0.87265625 0.86484375 0.078125 0.06875
16 0.77421875 0.85234375 0.1390625 0.0921875
16 0.72421875 0.903125 0.121875 0.103125
16 0.834375 0.9609375 0.16875 0.078125
16 0.6109375 0.81484375 0.1578125 0.084375
16 0.49921875 0.8296875 0.1296875 0.071875
16 0.55859375 0.8796875 0.1140625 0.0921875
16 0.359375 0.7640625 0.125 0.078125
16 0.43203125 0.7484375 0.1328125 0.0734375
16 0.25703125 0.78984375 0.0984375 0.0625
16 0.21640625 0.81328125 0.146875 0.0828125
16 0.2125 0.865625 0.140625 0.078125
16 0.15546875 0.7296875 0.109375 0.0875
16 0.2125 0.6953125 0.128125 0.071875
16 0.07734375 0.75703125 0.1140625 0.0921875
16 0.021875 0.76328125 0.04375 0.0984375
16 0.0546875 0.6359375 0.109375 0.075
16 0.66328125 0.51953125 0.103125 0.0609375
16 0.85625 0.56484375 0.090625 0.0625