16 0.75078125 0.1640625 0.221875 0.2578125
16 0.8125 0.4453125 0.2390625 0.35625
16 0.940625 0.4203125 0.11875 0.29375
16 0.9765625 0.22421875 0.046875 0.2140625
16 0.46796875 0.11953125 0.2203125 0.2390625
16 0.5484375 0.209375 0.2203125 0.2578125
16 0.34375 0.12734375 0.24375 0.2546875
16 0.22734375 0.09375 0.2203125 0.1875
16 0.2015625 0.2921875 0.20625 0.2984375
16 0.31953125 0.3296875 0.234375 0.3359375
16 0.440625 0.35703125 0.25 0.3328125
16 0.5578125 0.403125 0.2484375 0.3265625
16 0.653125 0.49921875 0.234375 0.290625
16 0.71171875 0.3546875 0.1609375 0.2234375
16 0.80859375 0.6859375 0.19375 0.2671875
16 0.91171875 0.6671875 0.1765625 0.284375
16 0.85234375 0.85703125 0.1984375 0.2859375
16 0.696875 0.8796875 0.2375 0.240625
16 0.6671875 0.70546875 0.2140625 0.3390625
16 0.4234375 0.69375 0.2265625 0.2765625
16 0.5453125 0.8375 0.24375 0.325
16 0.4328125 0.8859375 0.18125 0.228125
16 0.27421875 0.75546875 0.184375 0.2765625
16 0.34921875 0.54375 0.2125 0.2984375
16 0.2046875 0.509375 0.2390625 0.2984375
16 0.17578125 0.73515625 0.221875 0.3046875
16 0.0984375 0.8125 0.196875 0.225
16 0.078125 0.66875 0.15625 0.253125
16 0.11015625 0.4578125 0.1796875 0.2515625
16 0.10625 0.271875 0.18125 0.2703125