16 0.05390625 0.54765625 0.1078125 0.2171875
16 0.13671875 0.5875 0.1515625 0.1671875
16 0.88671875 0.84453125 0.15625 0.203125
16 0.809375 0.315625 0.1359375 0.14375
16 0.6890625 0.253125 0.1234375 0.1765625
16 0.7640625 0.21171875 0.1265625 0.1546875
16 0.87578125 0.2484375 0.125 0.1296875
16 0.94921875 0.28671875 0.1015625 0.1546875
16 0.878125 0.17578125 0.1421875 0.1640625
16 0.94765625 0.17734375 0.1046875 0.1671875
16 0.81875 0.10859375 0.109375 0.1046875
16 0.703125 0.14453125 0.10625 0.109375