16 0.5640625 0.39609375 0.1328125 0.2734375
16 0.76640625 0.3984375 0.13046875 0.24296875
16 0.69765625 0.5921875 0.16171875 0.17265625
16 0.59296875 0.75234375 0.16640625 0.1984375
16 0.503125 0.60703125 0.1703125 0.2109375
16 0.4125 0.71328125 0.18671875 0.23671875
16 0.36328125 0.61640625 0.16953125 0.23828125
16 0.36796875 0.4203125 0.12109375 0.25625
16 0.47109375 0.440625 0.115625 0.22578125
16 0.55703125 0.21484375 0.11484375 0.18203125
16 0.43359375 0.23671875 0.14453125 0.26328125
16 0.30546875 0.51171875 0.1703125 0.19453125
16 0.25390625 0.24453125 0.13359375 0.20234375