16 0.45390625 0.43828125 0.10390625 0.2171875
16 0.5375 0.4453125 0.1109375 0.1734375
16 0.53359375 0.6421875 0.13125 0.3109375
16 0.4625 0.64453125 0.0953125 0.25703125
16 0.721875 0.63828125 0.128125 0.30234375
16 0.8140625 0.4765625 0.1125 0.1875
16 0.83828125 0.6078125 0.1046875 0.27890625
16 0.91640625 0.5765625 0.13515625 0.32578125
16 0.1921875 0.61171875 0.10625 0.334375
16 0.26171875 0.596875 0.09453125 0.2140625
16 0.1171875 0.66484375 0.0953125 0.26171875
16 0.0890625 0.54765625 0.1125 0.2203125