16 0.5421875 0.1828125 0.19453125 0.22578125
16 0.80546875 0.196875 0.13046875 0.28984375
16 0.91875 0.26484375 0.15859375 0.24375
16 0.7953125 0.4453125 0.19140625 0.28828125
16 0.659375 0.4953125 0.15703125 0.2671875
16 0.6765625 0.275 0.14375 0.24140625
16 0.4453125 0.3609375 0.13203125 0.27109375
16 0.51171875 0.540625 0.16953125 0.21171875
16 0.5125 0.7578125 0.15390625 0.284375
16 0.6453125 0.71484375 0.20234375 0.265625
16 0.91328125 0.6984375 0.1734375 0.2953125
16 0.9140625 0.503125 0.1703125 0.2078125
16 0.2296875 0.27109375 0.2125 0.2296875
16 0.27890625 0.42578125 0.17421875 0.23515625
16 0.246875 0.08125 0.1765625 0.16171875
16 0.33359375 0.17890625 0.13515625 0.21875
16 0.0453125 0.1625 0.08984375 0.2796875
16 0.16328125 0.1765625 0.15859375 0.24140625
16 0.09765625 0.60390625 0.19453125 0.27109375
16 0.14921875 0.746875 0.14609375 0.2015625
16 0.271875 0.82109375 0.2375 0.3578125
16 0.39921875 0.7140625 0.14453125 0.33515625
16 0.60546875 0.88671875 0.21640625 0.2265625
16 0.209375 0.8921875 0.278125 0.215625