16 0.63359375 0.54140625 0.1578125 0.1828125
16 0.78984375 0.5140625 0.165625 0.246875
16 0.81796875 0.65234375 0.1296875 0.21875
16 0.70859375 0.675 0.121875 0.153125
16 0.58515625 0.69609375 0.13125 0.20625
16 0.525 0.56015625 0.146875 0.2125
16 0.63984375 0.38828125 0.1875 0.1734375
16 0.2640625 0.46328125 0.1625 0.1328125
16 0.3453125 0.51875 0.1515625 0.159375
16 0.409375 0.56796875 0.10625 0.1828125
16 0.33828125 0.68671875 0.146875 0.196875
16 0.46015625 0.71875 0.14375 0.21875
16 0.25703125 0.6546875 0.1828125 0.1890625
16 0.18046875 0.5796875 0.1765625 0.1484375