16 0.45625 0.43671875 0.1109375 0.2203125
16 0.5390625 0.446875 0.1171875 0.1765625
16 0.52890625 0.64296875 0.1421875 0.315625
16 0.4578125 0.64296875 0.1046875 0.2609375
16 0.7171875 0.64609375 0.1390625 0.30625
16 0.81484375 0.4875 0.11875 0.190625
16 0.834375 0.61953125 0.1140625 0.2828125
16 0.91328125 0.59140625 0.146875 0.3296875
16 0.18828125 0.60078125 0.1171875 0.3375
16 0.25859375 0.58828125 0.1015625 0.2171875
16 0.11171875 0.6515625 0.1046875 0.265625
16 0.0875 0.53359375 0.1203125 0.2234375