16 0.42734375 0.34375 0.12109375 0.190625
16 0.53203125 0.33046875 0.14921875 0.1453125
16 0.65625 0.32890625 0.109375 0.1609375
16 0.54296875 0.4109375 0.14375 0.11953125
16 0.621875 0.49375 0.14765625 0.1453125
16 0.4796875 0.471875 0.134375 0.140625
16 0.5328125 0.5890625 0.09765625 0.1921875
16 0.61953125 0.59140625 0.09140625 0.12734375
16 0.44921875 0.62421875 0.1109375 0.2015625
16 0.55859375 0.6625 0.1265625 0.12109375
16 0.64453125 0.69375 0.1078125 0.1453125
16 0.38046875 0.50078125 0.10703125 0.14609375
16 0.290625 0.51171875 0.1171875 0.16875
16 0.32890625 0.36015625 0.1171875 0.140625
16 0.3859375 0.26875 0.1171875 0.17421875
16 0.378125 0.646875 0.09609375 0.14609375
16 0.56640625 0.75625 0.1125 0.146875