16 0.52421875 0.47421875 0.11953125 0.05703125
16 0.128125 0.06953125 0.07890625 0.07421875
16 0.18828125 0.08828125 0.09375 0.0703125
16 0.259375 0.08046875 0.10390625 0.05546875
16 0.3765625 0.0796875 0.11015625 0.05234375
16 0.44375 0.08984375 0.11328125 0.059375
16 0.5328125 0.05234375 0.13203125 0.05546875
16 0.596875 0.0453125 0.06953125 0.04609375
16 0.70078125 0.04921875 0.090625 0.08046875
16 0.75 0.053125 0.08984375 0.04765625
16 0.86796875 0.06640625 0.0796875 0.0328125
16 0.9421875 0.06484375 0.11484375 0.06484375
16 0.028125 0.13984375 0.05625 0.0890625
16 0.09921875 0.1171875 0.06484375 0.06328125
16 0.14921875 0.13671875 0.0921875 0.07421875
16 0.20546875 0.13515625 0.059375 0.08203125
16 0.2453125 0.15859375 0.08515625 0.07734375
16 0.31171875 0.16015625 0.10859375 0.07421875
16 0.371875 0.12734375 0.075 0.0734375
16 0.43046875 0.1375 0.0859375 0.08671875
16 0.49140625 0.13671875 0.0765625 0.0640625
16 0.53203125 0.103125 0.07578125 0.07265625
16 0.60546875 0.12109375 0.09140625 0.0609375
16 0.70234375 0.17265625 0.08046875 0.08203125
16 0.796875 0.11875 0.08359375 0.0453125
16 0.86796875 0.134375 0.06171875 0.05234375
16 0.05703125 0.21875 0.11328125 0.06171875
16 0.11640625 0.20234375 0.0953125 0.0828125
16 0.1859375 0.21875 0.0796875 0.0484375
16 0.2625 0.25625 0.1015625 0.075
16 0.31484375 0.2171875 0.09140625 0.08828125
16 0.4390625 0.21015625 0.0765625 0.0640625
16 0.50234375 0.2203125 0.06171875 0.084375
16 0.57109375 0.21328125 0.0953125 0.07734375
16 0.63046875 0.17109375 0.09609375 0.07890625
16 0.80234375 0.16953125 0.09453125 0.05234375
16 0.89609375 0.171875 0.1 0.06640625
16 0.82421875 0.2265625 0.12421875 0.06328125
16 0.87734375 0.25 0.08984375 0.04921875
16 0.92734375 0.25546875 0.075 0.05703125
16 0.7 0.2265625 0.10703125 0.06640625
16 0.653125 0.28515625 0.13203125 0.0609375
16 0.55390625 0.2609375 0.115625 0.06796875
16 0.46328125 0.30078125 0.1390625 0.0546875
16 0.37421875 0.32890625 0.0921875 0.0390625
16 0.28828125 0.328125 0.09375 0.0953125
16 0.21640625 0.27578125 0.0953125 0.06953125
16 0.23125 0.3234375 0.06171875 0.0828125
16 0.18125 0.32265625 0.075 0.07109375
16 0.10625 0.34140625 0.09375 0.0921875
16 0.03671875 0.346875 0.0734375 0.1203125
16 0.159375 0.403125 0.0859375 0.10625
16 0.2171875 0.4015625 0.07890625 0.059375
16 0.36015625 0.3875 0.14609375 0.071875
16 0.45625 0.3828125 0.07421875 0.07890625
16 0.54375 0.3859375 0.09921875 0.0890625
16 0.60703125 0.34921875 0.1078125 0.1015625
16 0.69765625 0.37265625 0.0609375 0.0734375
16 0.740625 0.35703125 0.10625 0.096875
16 0.78125 0.328125 0.1078125 0.08984375
16 0.92109375 0.36015625 0.1125 0.09140625
16 0.8375 0.37265625 0.090625 0.0734375
16 0.61875 0.5140625 0.0953125 0.0890625
16 0.73359375 0.50078125 0.115625 0.0828125
16 0.76953125 0.534375 0.11953125 0.07265625
16 0.8359375 0.52421875 0.096875 0.103125
16 0.353125 0.465625 0.109375 0.078125
16 0.4171875 0.4390625 0.0875 0.07265625
16 0.28359375 0.4578125 0.09296875 0.10625
16 0.2375 0.509375 0.146875 0.08359375
16 0.18359375 0.5515625 0.10703125 0.08203125
16 0.26328125 0.57578125 0.10703125 0.10078125
16 0.36640625 0.56875 0.09453125 0.06171875
16 0.4703125 0.6109375 0.1265625 0.09375
16 0.51328125 0.53984375 0.13046875 0.09375
16 0.6515625 0.590625 0.1015625 0.09921875
16 0.71640625 0.58671875 0.121875 0.1015625
16 0.9015625 0.6015625 0.11875 0.0796875
16 0.82734375 0.684375 0.10703125 0.0890625
16 0.89140625 0.67109375 0.1171875 0.09609375
16 0.63125 0.65859375 0.146875 0.08515625
16 0.51328125 0.71328125 0.11640625 0.09609375
16 0.63359375 0.74140625 0.12421875 0.103125
16 0.81640625 0.753125 0.13984375 0.0828125
16 0.9265625 0.72734375 0.1234375 0.12734375
16 0.2875 0.74375 0.128125 0.084375
16 0.42265625 0.68828125 0.1125 0.09296875
16 0.2640625 0.6296875 0.090625 0.06796875
16 0.12890625 0.73125 0.125 0.090625
16 0.0484375 0.7625 0.096875 0.09140625
16 0.1140625 0.8078125 0.1359375 0.09296875
16 0.2875 0.84140625 0.11953125 0.11875
16 0.3734375 0.8578125 0.11328125 0.11875
16 0.43984375 0.8125 0.12421875 0.10546875
16 0.5578125 0.8578125 0.1140625 0.11875
16 0.69453125 0.871875 0.146875 0.1015625
16 0.846875 0.8359375 0.11484375 0.10859375
16 0.62578125 0.92890625 0.14609375 0.0765625
16 0.73515625 0.9203125 0.12734375 0.0890625
16 0.83203125 0.94921875 0.1609375 0.1015625
16 0.33203125 0.9421875 0.190625 0.0796875
16 0.22578125 0.9484375 0.13203125 0.078125
16 0.153125 0.90390625 0.16015625 0.09140625
16 0.07109375 0.9546875 0.1421875 0.090625