16 0.42265625 0.35078125 0.1578125 0.33125
16 0.54375 0.40234375 0.125 0.275
16 0.65703125 0.37734375 0.146875 0.3109375
16 0.78203125 0.27734375 0.15625 0.2625
16 0.878125 0.39765625 0.175 0.309375
16 0.90234375 0.13671875 0.1796875 0.2734375
16 0.66953125 0.1375 0.165625 0.265625
16 0.5296875 0.19296875 0.1984375 0.2078125
16 0.37421875 0.1171875 0.209375 0.2328125
16 0.27109375 0.215625 0.1859375 0.309375
16 0.16796875 0.07578125 0.2296875 0.1359375
16 0.12578125 0.1859375 0.1796875 0.196875
16 0.20703125 0.36171875 0.1828125 0.2140625
16 0.2984375 0.48359375 0.203125 0.25
16 0.41328125 0.59375 0.1875 0.2671875
16 0.55859375 0.58046875 0.2328125 0.23125
16 0.76953125 0.55859375 0.2015625 0.25625
16 0.9234375 0.61640625 0.153125 0.2734375
16 0.875 0.7421875 0.1640625 0.3078125
16 0.95 0.84453125 0.1 0.2796875
16 0.846875 0.8703125 0.1734375 0.240625
16 0.71328125 0.69375 0.175 0.253125
16 0.7265625 0.88515625 0.16875 0.2203125
16 0.60703125 0.82578125 0.165625 0.290625
16 0.44453125 0.7890625 0.203125 0.26875
16 0.303125 0.859375 0.2015625 0.2
16 0.246875 0.7203125 0.2765625 0.2390625
16 0.13359375 0.5421875 0.190625 0.25
16 0.0609375 0.41875 0.121875 0.328125
16 0.06796875 0.70234375 0.1328125 0.3140625
16 0.13828125 0.9046875 0.2234375 0.190625