16 0.5125 0.25546875 0.2234375 0.2546875
16 0.678125 0.47109375 0.2 0.2234375
16 0.728125 0.63359375 0.2140625 0.3375
16 0.79375 0.69921875 0.209375 0.2953125
16 0.609375 0.7984375 0.290625 0.2265625
16 0.56484375 0.63828125 0.228125 0.2953125
16 0.4765625 0.5 0.21875 0.2078125
16 0.38671875 0.5890625 0.2625 0.2953125
16 0.2375 0.715625 0.278125 0.253125
16 0.3734375 0.8515625 0.2140625 0.21875
16 0.11015625 0.83359375 0.2203125 0.2640625
16 0.1953125 0.490625 0.2421875 0.3296875
16 0.82578125 0.29453125 0.178125 0.26875
16 0.72265625 0.33046875 0.2203125 0.28125