16 0.38046875 0.3515625 0.3046875 0.1796875
16 0.61875 0.340625 0.3109375 0.19453125
16 0.84765625 0.4265625 0.30390625 0.16328125
16 0.88359375 0.32109375 0.2328125 0.15078125
16 0.790625 0.22421875 0.26953125 0.17265625
16 0.56640625 0.20703125 0.26328125 0.19921875
16 0.2953125 0.225 0.4140625 0.13671875
16 0.128125 0.36328125 0.25625 0.21640625
16 0.1703125 0.4765625 0.340625 0.178125
16 0.52109375 0.4921875 0.4390625 0.17109375
16 0.815625 0.57109375 0.36875 0.18046875
16 0.79453125 0.73984375 0.4109375 0.22734375
16 0.5234375 0.67109375 0.40078125 0.29453125
16 0.23046875 0.6359375 0.31953125 0.26328125
16 0.12890625 0.8640625 0.24921875 0.2703125
16 0.41015625 0.89296875 0.49296875 0.2140625
16 0.821875 0.903125 0.35625 0.19375