16 0.496875 0.24765625 0.1703125 0.17421875
16 0.571875 0.33359375 0.15625 0.14921875
16 0.6984375 0.45 0.16953125 0.1640625
16 0.63046875 0.52421875 0.19765625 0.23671875
16 0.5703125 0.565625 0.178125 0.22578125
16 0.62421875 0.7328125 0.190625 0.1765625
16 0.50234375 0.7921875 0.12421875 0.2328125
16 0.39296875 0.7015625 0.159375 0.2609375
16 0.503125 0.62109375 0.1375 0.21171875
16 0.3609375 0.53203125 0.16640625 0.16796875
16 0.5 0.39921875 0.21484375 0.1640625
16 0.346875 0.38671875 0.19140625 0.18046875
16 0.20390625 0.5359375 0.1390625 0.175
16 0.27265625 0.71796875 0.1859375 0.2984375