16 0.4796875 0.3453125 0.18359375 0.29140625
16 0.62109375 0.3546875 0.16640625 0.346875
16 0.75703125 0.4015625 0.16875 0.321875
16 0.86484375 0.3515625 0.2109375 0.3140625
16 0.6890625 0.12734375 0.19375 0.2546875
16 0.509375 0.1109375 0.19296875 0.22109375
16 0.3421875 0.31328125 0.21796875 0.37265625
16 0.2265625 0.27734375 0.20703125 0.30859375
16 0.09296875 0.5953125 0.1859375 0.390625
16 0.228125 0.63984375 0.1921875 0.434375
16 0.3921875 0.684375 0.19609375 0.39453125
16 0.553125 0.66953125 0.19375 0.41796875
16 0.6921875 0.67265625 0.1984375 0.36171875
16 0.8515625 0.6640625 0.19609375 0.34921875
16 0.91328125 0.884375 0.1734375 0.23125
16 0.759375 0.88203125 0.184375 0.2359375
16 0.5859375 0.8828125 0.2125 0.234375
16 0.44453125 0.90078125 0.22265625 0.19765625
16 0.26015625 0.8875 0.184375 0.22421875
16 0.1265625 0.8546875 0.18828125 0.28984375