16 0.73515625 0.22578125 0.109375 0.1203125
16 0.8296875 0.14453125 0.1484375 0.13984375
16 0.86171875 0.23125 0.1015625 0.1171875
16 0.8296875 0.3 0.121875 0.1421875
16 0.89296875 0.3515625 0.125 0.165625
16 0.7265625 0.7796875 0.14765625 0.14765625
16 0.6828125 0.89765625 0.22734375 0.2046875
16 0.59765625 0.578125 0.10234375 0.17109375
16 0.728125 0.40078125 0.115625 0.1640625
16 0.8109375 0.41875 0.0984375 0.15625
16 0.68125 0.3015625 0.10703125 0.13984375
16 0.67734375 0.20390625 0.11796875 0.140625