16 0.68515625 0.125 0.1640625 0.2203125
16 0.5921875 0.1734375 0.1265625 0.146875
16 0.51328125 0.06015625 0.1265625 0.1203125
16 0.50390625 0.14375 0.1203125 0.146875
16 0.5921875 0.2734375 0.1328125 0.159375
16 0.55859375 0.32578125 0.1171875 0.15625
16 0.6390625 0.3890625 0.1171875 0.125
16 0.6234375 0.4953125 0.1265625 0.140625
16 0.65 0.56953125 0.14375 0.14375
16 0.665625 0.70859375 0.153125 0.1546875
16 0.69765625 0.90703125 0.128125 0.1234375
16 0.5734375 0.86953125 0.1234375 0.16875
16 0.59921875 0.6796875 0.1421875 0.20625
16 0.5546875 0.55 0.10625 0.134375
16 0.5359375 0.45625 0.1171875 0.134375
16 0.49765625 0.36640625 0.1046875 0.14375
16 0.4890625 0.25859375 0.1265625 0.1703125
16 0.40234375 0.15234375 0.1140625 0.16875
16 0.4015625 0.046875 0.15 0.09375
16 0.28828125 0.09609375 0.146875 0.1390625
16 0.07109375 0.2453125 0.1421875 0.18125
16 0.2921875 0.1921875 0.1296875 0.1546875
16 0.34453125 0.50546875 0.13125 0.178125
16 0.3609375 0.60625 0.1390625 0.1578125
16 0.3296875 0.715625 0.1484375 0.1625
16 0.48359375 0.715625 0.1265625 0.1625
16 0.48984375 0.61484375 0.128125 0.140625
16 0.44609375 0.5171875 0.14375 0.140625
16 0.40546875 0.2875 0.125 0.1984375
16 0.4296875 0.41640625 0.140625 0.1375
16 0.03359375 0.11015625 0.0671875 0.1046875
16 0.08984375 0.10390625 0.1203125 0.115625
16 0.16171875 0.0953125 0.1125 0.1171875
16 0.09921875 0.79140625 0.1453125 0.18125
16 0.28515625 0.821875 0.134375 0.1453125
16 0.371875 0.8671875 0.146875 0.1484375
16 0.46953125 0.89140625 0.1078125 0.1703125
16 0.30234375 0.93046875 0.1453125 0.1390625
16 0.2328125 0.95078125 0.121875 0.0984375
16 0.1859375 0.8984375 0.1734375 0.134375
16 0.115625 0.93125 0.134375 0.1375