16 0.4796875 0.365625 0.0828125 0.0953125
16 0.190625 0.08984375 0.05625 0.125
16 0.1828125 0.17109375 0.075 0.0875
16 0.090625 0.18125 0.0875 0.0921875
16 0.1234375 0.43515625 0.0875 0.1328125
16 0.18828125 0.4375 0.096875 0.1
16 0.1625 0.52734375 0.0796875 0.1546875
16 0.09921875 0.5421875 0.0703125 0.15625
16 0.21640625 0.54375 0.06875 0.1234375
16 0.2765625 0.53515625 0.0734375 0.11875
16 0.25390625 0.434375 0.0703125 0.109375
16 0.2703125 0.35546875 0.084375 0.1015625
16 0.27734375 0.2484375 0.1078125 0.1234375
16 0.17578125 0.321875 0.109375 0.1109375
16 0.13671875 0.08515625 0.090625 0.0859375
16 0.2734375 0.0640625 0.09375 0.0953125
16 0.3328125 0.11484375 0.1046875 0.1109375
16 0.28046875 0.16328125 0.08125 0.125
16 0.36015625 0.2390625 0.084375 0.10625
16 0.415625 0.2328125 0.0609375 0.0890625
16 0.09453125 0.33671875 0.084375 0.1375
16 0.05078125 0.3859375 0.096875 0.1328125
16 0.04296875 0.48203125 0.0859375 0.1109375
16 0.0359375 0.6171875 0.071875 0.125
16 0.0703125 0.671875 0.140625 0.153125
16 0.0265625 0.878125 0.053125 0.18125
16 0.08125 0.7609375 0.1015625 0.1296875
16 0.1984375 0.79140625 0.1234375 0.128125
16 0.25390625 0.7109375 0.1078125 0.1390625
16 0.309375 0.6640625 0.1171875 0.175
16 0.384375 0.75703125 0.1015625 0.1921875
16 0.39375 0.86484375 0.115625 0.1234375
16 0.4375 0.93125 0.096875 0.1328125
16 0.53359375 0.87265625 0.0953125 0.18125
16 0.3140625 0.925 0.1046875 0.1359375
16 0.27890625 0.8390625 0.090625 0.1734375
16 0.328125 0.490625 0.078125 0.1578125
16 0.37578125 0.46953125 0.0734375 0.1609375
16 0.4109375 0.54375 0.1296875 0.125
16 0.35 0.33828125 0.0734375 0.11875
16 0.396875 0.3765625 0.08125 0.11875
16 0.4359375 0.44453125 0.06875 0.1421875
16 0.490625 0.50703125 0.0984375 0.1171875
16 0.50234375 0.58671875 0.1234375 0.1265625
16 0.459375 0.6453125 0.11875 0.1375
16 0.459375 0.7421875 0.1046875 0.159375
16 0.53125 0.740625 0.096875 0.0828125
16 0.584375 0.73828125 0.0734375 0.1515625
16 0.56328125 0.61875 0.084375 0.1609375
16 0.634375 0.66484375 0.115625 0.1359375
16 0.57890625 0.51015625 0.1234375 0.134375
16 0.56015625 0.45625 0.0828125 0.115625
16 0.559375 0.38828125 0.1109375 0.109375
16 0.50390625 0.296875 0.1234375 0.09375
16 0.5015625 0.23359375 0.1015625 0.1078125
16 0.4546875 0.18671875 0.09375 0.1375
16 0.39609375 0.046875 0.0984375 0.09375
16 0.440625 0.0734375 0.0671875 0.1234375
16 0.4921875 0.1046875 0.0984375 0.1109375
16 0.5515625 0.13671875 0.078125 0.153125
16 0.53984375 0.0453125 0.1171875 0.090625
16 0.5953125 0.090625 0.0765625 0.084375
16 0.678125 0.05625 0.0859375 0.1
16 0.62734375 0.1796875 0.0578125 0.0703125
16 0.59765625 0.271875 0.0875 0.1125
16 0.64609375 0.36171875 0.084375 0.0890625
16 0.6234375 0.4265625 0.0609375 0.090625
16 0.6671875 0.43046875 0.0671875 0.0953125
16 0.71796875 0.42890625 0.0765625 0.1265625
16 0.65859375 0.56875 0.065625 0.1203125
16 0.73984375 0.52578125 0.1296875 0.1125
16 0.728125 0.5984375 0.1359375 0.1546875
16 0.7640625 0.69453125 0.1078125 0.1234375
16 0.74609375 0.76875 0.0875 0.1015625
16 0.67890625 0.8015625 0.115625 0.10625
16 0.653125 0.9 0.09375 0.184375
16 0.75625 0.859375 0.096875 0.1453125
16 0.70859375 0.85234375 0.0765625 0.096875
16 0.815625 0.94609375 0.075 0.1078125
16 0.8640625 0.90703125 0.1046875 0.1734375
16 0.93984375 0.9203125 0.0859375 0.159375
16 0.8734375 0.6984375 0.0734375 0.128125
16 0.89765625 0.77734375 0.0921875 0.1421875
16 0.8359375 0.59765625 0.1015625 0.1296875
16 0.90859375 0.5953125 0.1109375 0.121875
16 0.81484375 0.47734375 0.1 0.1890625
16 0.8546875 0.4109375 0.0953125 0.1546875
16 0.82265625 0.3265625 0.0828125 0.1609375
16 0.77265625 0.315625 0.096875 0.134375
16 0.70859375 0.334375 0.08125 0.096875
16 0.6640625 0.21796875 0.0765625 0.128125
16 0.6953125 0.20625 0.0625 0.134375
16 0.746875 0.17109375 0.0828125 0.09375
16 0.7609375 0.23984375 0.0828125 0.1015625
16 0.79765625 0.12578125 0.078125 0.125
16 0.846875 0.1 0.0640625 0.1140625
16 0.8640625 0.20625 0.0671875 0.175
16 0.92890625 0.30234375 0.1015625 0.115625
16 0.9453125 0.14140625 0.0796875 0.146875
16 0.97109375 0.36875 0.0578125 0.1125
16 0.921875 0.50859375 0.09375 0.1515625
16 0.9578125 0.7828125 0.0640625 0.1640625
16 0.9609375 0.68046875 0.065625 0.10625
16 0.96875 0.26328125 0.0625 0.1515625