16 0.35703125 0.2875 0.30703125 0.21015625
16 0.65078125 0.271875 0.36953125 0.1703125
16 0.87265625 0.1234375 0.2234375 0.203125
16 0.70859375 0.10078125 0.23515625 0.20078125
16 0.51796875 0.1796875 0.159375 0.209375
16 0.3 0.0984375 0.29765625 0.196875
16 0.13515625 0.20078125 0.2703125 0.24609375
16 0.22890625 0.3828125 0.2890625 0.1953125
16 0.540625 0.425 0.371875 0.15859375
16 0.8359375 0.37421875 0.28515625 0.18984375
16 0.89296875 0.51015625 0.2140625 0.2109375
16 0.728125 0.54375 0.24296875 0.2046875
16 0.4859375 0.53828125 0.346875 0.15625
16 0.26171875 0.60546875 0.3125 0.24296875
16 0.47890625 0.66953125 0.3046875 0.15625
16 0.746875 0.709375 0.3296875 0.171875
16 0.92890625 0.67109375 0.14140625 0.19765625
16 0.86015625 0.80234375 0.2796875 0.19921875
16 0.6078125 0.82734375 0.2828125 0.20625
16 0.7375 0.93046875 0.346875 0.1390625
16 0.4953125 0.89296875 0.33828125 0.2140625
16 0.31484375 0.8078125 0.28515625 0.21875
16 0.13515625 0.7296875 0.24765625 0.1984375
16 0.1125 0.89921875 0.225 0.2015625
16 0.2703125 0.946875 0.19609375 0.10546875