6 0.5109375 0.71796875 0.1828125 0.24375
6 0.821875 0.58359375 0.134375 0.24140625
6 0.4953125 0.88515625 0.22421875 0.22890625
6 0.59140625 0.4359375 0.16640625 0.25546875
6 0.71875 0.703125 0.1828125 0.278125
6 0.4640625 0.54296875 0.128125 0.28515625
6 0.165625 0.59296875 0.1234375 0.21875
6 0.3375 0.65859375 0.09921875 0.21171875
6 0.321875 0.87578125 0.16171875 0.24609375
6 0.2546875 0.7390625 0.1125 0.24375
6 0.496875 0.20859375 0.1890625 0.16796875
6 0.78984375 0.8953125 0.1921875 0.209375
6 0.88828125 0.76875 0.16328125 0.19765625
6 0.24609375 0.49453125 0.15390625 0.15546875