6 0.50703125 0.71796875 0.1875 0.246875
6 0.8203125 0.5890625 0.1390625 0.24375
6 0.4875 0.884375 0.228125 0.23125
6 0.5921875 0.4375 0.1703125 0.2578125
6 0.71484375 0.70703125 0.1875 0.28125
6 0.46328125 0.5421875 0.1328125 0.2875
6 0.1640625 0.5875 0.1265625 0.2203125
6 0.334375 0.65546875 0.103125 0.2140625
6 0.315625 0.87265625 0.165625 0.2484375
6 0.25078125 0.734375 0.1171875 0.2453125
6 0.50234375 0.20859375 0.1921875 0.171875
6 0.78203125 0.896875 0.1953125 0.20625
6 0.88359375 0.77578125 0.1671875 0.2
6 0.24609375 0.48984375 0.15625 0.1578125